{"timestamp": 1706068305.721616, "objects": [{"color": "cv_", "id_name": "hand", "shape": "CVCylinder", "id_string": "ob383", "world_size": [0.12, 0.005, 0.12], "id": 383, "camera_size": [48, 50], "camera_position": [246, 426], "world_position": [0.2676445155400456, 0.633470301384732, -0.17389260400847842], "world_orientation": [-0.0006415512411801987, 0.19791547486652816, 0.9802188802611188, -0.0007473675432867089, -0.9802189031249445, 0.19791499033243132, 0.9999995149267625, -0.0006056111687283512, 0.0007767762561579502], "world_rotation": [0.0, 1.0, 0.0, 0.0]}, {"color": "CVGreen", "id_name": "object239334188298223", "shape": "CVBox", "id_string": "ob758", "world_size": [0.09, 0.09, 0.09], "id": 758, "camera_size": [37, 37], "camera_position": [256, 254], "world_position": [0.705, 0.6448569667806435, -0.15], "world_orientation": [1.0, -5.053903521130611e-17, -1.3537563024626779e-17, 5.053903521130611e-17, 1.0, -6.136882847087181e-17, 1.3537563024626779e-17, 6.136882847087181e-17, 1.0], "world_rotation": [-0.7609763537112164, 0.16786641696290353, -0.6266864089386478, -8.064485600844401e-17]}], "source": "manual check"}
{"timestamp": 1706068306.735071, "objects": [{"color": "cv_", "id_name": "hand", "shape": "CVCylinder", "id_string": "ob383", "world_size": [0.12, 0.005, 0.12], "id": 383, "camera_size": [48, 50], "camera_position": [246, 426], "world_position": [0.2676445155400456, 0.633470301384732, -0.17389260400847842], "world_orientation": [-0.0006415512411801987, 0.19791547486652816, 0.9802188802611188, -0.0007473675432867089, -0.9802189031249445, 0.19791499033243132, 0.9999995149267625, -0.0006056111687283512, 0.0007767762561579502], "world_rotation": [0.0, 1.0, 0.0, 0.0]}, {"color": "CVGreen", "id_name": "object239334188298223", "shape": "CVBox", "id_string": "ob758", "world_size": [0.09, 0.09, 0.09], "id": 758, "camera_size": [37, 37], "camera_position": [256, 254], "world_position": [0.705, 0.6448569696296074, -0.15], "world_orientation": [1.0, -4.331917303826236e-17, -1.1712398707441946e-17, 4.331917303826236e-17, 1.0, -5.775889738434995e-17, 1.1712398707441946e-17, 5.775889738434995e-17, 1.0], "world_rotation": [-0.7896765794068324, 0.16013129347666225, -0.5922574345551229, -7.314247236221149e-17]}], "source": "manual check"}
{"timestamp": 1706068308.339383, "objects": [{"color": "cv_", "id_name": "hand", "shape": "CVCylinder", "id_string": "ob383", "world_size": [0.12, 0.005, 0.12], "id": 383, "camera_size": [48, 50], "camera_position": [246, 426], "world_position": [0.2676445155400456, 0.633470301384732, -0.17389260400847842], "world_orientation": [-0.0006415512411801987, 0.19791547486652816, 0.9802188802611188, -0.0007473675432867089, -0.9802189031249445, 0.19791499033243132, 0.9999995149267625, -0.0006056111687283512, 0.0007767762561579502], "world_rotation": [0.0, 1.0, 0.0, 0.0]}, {"color": "CVGreen", "id_name": "object239334188298223", "shape": "CVBox", "id_string": "ob758", "world_size": [0.09, 0.09, 0.09], "id": 758, "camera_size": [37, 37], "camera_position": [256, 254], "world_position": [0.705, 0.6448569696296074, -0.15], "world_orientation": [1.0, -4.331917303826236e-17, -1.1712398707441946e-17, 4.331917303826236e-17, 1.0, -5.775889738434995e-17, 1.1712398707441946e-17, 5.775889738434995e-17, 1.0], "world_rotation": [-0.7896765794068324, 0.16013129347666225, -0.5922574345551229, -7.314247236221149e-17]}], "source": "action wait"}
{"timestamp": 1706068308.371674, "objects": [{"color": "cv_", "id_name": "hand", "shape": "CVCylinder", "id_string": "ob383", "world_size": [0.12, 0.005, 0.12], "id": 383, "camera_size": [49, 51], "camera_position": [246, 421], "world_position": [0.2920013113566059, 0.6685506812893757, -0.17395565971530036], "world_orientation": [-0.00037635500583558775, 0.20637448926775231, 0.9784730085885782, -0.0007131044845925469, -0.9784728844867846, 0.2063741888078684, 0.9999996749193991, -0.0006200835314444645, 0.00051541974195375], "world_rotation": [0.0, 1.0, 0.0, 0.0]}, {"color": "CVGreen", "id_name": "object239334188298223", "shape": "CVBox", "id_string": "ob758", "world_size": [0.09, 0.09, 0.09], "id": 758, "camera_size": [37, 37], "camera_position": [256, 254], "world_position": [0.705, 0.6448569696296074, -0.15], "world_orientation": [1.0, -4.331917303826236e-17, -1.1712398707441946e-17, 4.331917303826236e-17, 1.0, -5.775889738434995e-17, 1.1712398707441946e-17, 5.775889738434995e-17, 1.0], "world_rotation": [-0.7896765794068324, 0.16013129347666225, -0.5922574345551229, -7.314247236221149e-17]}], "source": "action wait"}
{"timestamp": 1706068308.40316, "objects": [{"color": "cv_", "id_name": "hand", "shape": "CVCylinder", "id_string": "ob383", "world_size": [0.12, 0.005, 0.12], "id": 383, "camera_size": [51, 52], "camera_position": [246, 405], "world_position": [0.33866463090779403, 0.707464039533038, -0.17398340457449846], "world_orientation": [-0.00021176874069619766, 0.20109383509923504, 0.9795719599085521, -0.0007285061555788316, -0.9795717529573496, 0.20109363512266384, 0.9999997122163494, -0.0006710388567541376, 0.000353940773264522], "world_rotation": [0.0, 1.0, 0.0, 0.0]}, {"color": "CVGreen", "id_name": "object239334188298223", "shape": "CVBox", "id_string": "ob758", "world_size": [0.09, 0.09, 0.09], "id": 758, "camera_size": [37, 37], "camera_position": [256, 254], "world_position": [0.705, 0.6448569696296074, -0.15], "world_orientation": [1.0, -4.331917303826236e-17, -1.1712398707441946e-17, 4.331917303826236e-17, 1.0, -5.775889738434995e-17, 1.1712398707441946e-17, 5.775889738434995e-17, 1.0], "world_rotation": [-0.7896765794068324, 0.16013129347666225, -0.5922574345551229, -7.314247236221149e-17]}], "source": "action wait"}
{"timestamp": 1706068308.432609, "objects": [{"color": "cv_", "id_name": "hand", "shape": "CVCylinder", "id_string": "ob383", "world_size": [0.12, 0.005, 0.12], "id": 383, "camera_size": [51, 53], "camera_position": [246, 388], "world_position": [0.38968037559098984, 0.7412979964085702, -0.17400398937283024], "world_orientation": [-0.00010463599202893855, 0.1973003942497337, 0.980343074377643, -0.000739323867881196, -0.9803428270798197, 0.19730026556841046, 0.9999997212257249, -0.0007041463245843852, 0.00024844803485157797], "world_rotation": [0.0, 1.0, 0.0, 0.0]}, {"color": "CVGreen", "id_name": "object239334188298223", "shape": "CVBox", "id_string": "ob758", "world_size": [0.09, 0.09, 0.09], "id": 758, "camera_size": [37, 37], "camera_position": [256, 254], "world_position": [0.705, 0.6448569696296074, -0.15], "world_orientation": [1.0, -4.331917303826236e-17, -1.1712398707441946e-17, 4.331917303826236e-17, 1.0, -5.775889738434995e-17, 1.1712398707441946e-17, 5.775889738434995e-17, 1.0], "world_rotation": [-0.7896765794068324, 0.16013129347666225, -0.5922574345551229, -7.314247236221149e-17]}], "source": "action wait"}
{"timestamp": 1706068308.464001, "objects": [{"color": "cv_", "id_name": "hand", "shape": "CVCylinder", "id_string": "ob383", "world_size": [0.12, 0.005, 0.12], "id": 383, "camera_size": [52, 53], "camera_position": [245, 367], "world_position": [0.44412245009016416, 0.7697073459542704, -0.17402260784391066], "world_orientation": [-2.9218703955825612e-05, 0.19462217075350385, 0.9808782849046365, -0.000746466326559216, -0.9808780162895993, 0.19462209521995283, 0.9999997209671065, -0.0007265060047512595, 0.00017393888124451993], "world_rotation": [0.0, 1.0, 0.0, 0.0]}, {"color": "CVGreen", "id_name": "object239334188298223", "shape": "CVBox", "id_string": "ob758", "world_size": [0.09, 0.09, 0.09], "id": 758, "camera_size": [37, 37], "camera_position": [256, 254], "world_position": [0.705, 0.6448569696296074, -0.15], "world_orientation": [1.0, -4.331917303826236e-17, -1.1712398707441946e-17, 4.331917303826236e-17, 1.0, -5.775889738434995e-17, 1.1712398707441946e-17, 5.775889738434995e-17, 1.0], "world_rotation": [-0.7896765794068324, 0.16013129347666225, -0.5922574345551229, -7.314247236221149e-17]}], "source": "action wait"}
{"timestamp": 1706068308.496476, "objects": [{"color": "cv_", "id_name": "hand", "shape": "CVCylinder", "id_string": "ob383", "world_size": [0.12, 0.005, 0.12], "id": 383, "camera_size": [53, 54], "camera_position": [245, 343], "world_position": [0.5013363661881471, 0.7924329174833424, -0.17403885835598873], "world_orientation": [2.377581619484213e-05, 0.19273025193842688, 0.9812517767741677, -0.0007512624764246165, -0.9812514967020001, 0.19273021513186875, 0.9999997175196612, -0.0007417599579858532, 0.00012146095112712996], "world_rotation": [0.0, 1.0, 0.0, 0.0]}, {"color": "CVGreen", "id_name": "object239334188298223", "shape": "CVBox", "id_string": "ob758", "world_size": [0.09, 0.09, 0.09], "id": 758, "camera_size": [37, 37], "camera_position": [256, 254], "world_position": [0.705, 0.6448569696296074, -0.15], "world_orientation": [1.0, -4.331917303826236e-17, -1.1712398707441946e-17, 4.331917303826236e-17, 1.0, -5.775889738434995e-17, 1.1712398707441946e-17, 5.775889738434995e-17, 1.0], "world_rotation": [-0.7896765794068324, 0.16013129347666225, -0.5922574345551229, -7.314247236221149e-17]}], "source": "action wait"}
{"timestamp": 1706068308.530343, "objects": [{"color": "cv_", "id_name": "hand", "shape": "CVCylinder", "id_string": "ob383", "world_size": [0.12, 0.005, 0.12], "id": 383, "camera_size": [54, 54], "camera_position": [245, 318], "world_position": [0.5606757220273374, 0.80925939990457, -0.17405258603188273], "world_orientation": [6.089980099893494e-05, 0.19139219314184955, 0.9815136395871262, -0.0007545381150941445, -0.9815133532110076, 0.1913921841160635, 0.9999997134816826, -0.0007522451974789734, 8.463873676906512e-05], "world_rotation": [0.0, 1.0, 0.0, 0.0]}, {"color": "CVGreen", "id_name": "object239334188298223", "shape": "CVBox", "id_string": "ob758", "world_size": [0.09, 0.09, 0.09], "id": 758, "camera_size": [37, 37], "camera_position": [256, 254], "world_position": [0.705, 0.6448569696296074, -0.15], "world_orientation": [1.0, -4.331917303826236e-17, -1.1712398707441946e-17, 4.331917303826236e-17, 1.0, -5.775889738434995e-17, 1.1712398707441946e-17, 5.775889738434995e-17, 1.0], "world_rotation": [-0.7896765794068324, 0.16013129347666225, -0.5922574345551229, -7.314247236221149e-17]}], "source": "action wait"}
{"timestamp": 1706068308.566124, "objects": [{"color": "cv_", "id_name": "hand", "shape": "CVCylinder", "id_string": "ob383", "world_size": [0.12, 0.005, 0.12], "id": 383, "camera_size": [54, 54], "camera_position": [245, 291], "world_position": [0.6217131436419822, 0.8138123264471743, -0.17406304343942142], "world_orientation": [8.103523512291522e-05, 0.1816018902182845, 0.9833721304279661, -0.0007644472376186616, -0.9833718350756634, 0.18160189866943457, 0.9999997045268122, -0.0007664522612145736, 5.913729545551042e-05], "world_rotation": [0.0, 1.0, 0.0, 0.0]}, {"color": "CVGreen", "id_name": "object239334188298223", "shape": "CVBox", "id_string": "ob758", "world_size": [0.09, 0.09, 0.09], "id": 758, "camera_size": [37, 37], "camera_position": [256, 254], "world_position": [0.705, 0.6448569696296074, -0.15], "world_orientation": [1.0, -4.331917303826236e-17, -1.1712398707441946e-17, 4.331917303826236e-17, 1.0, -5.775889738434995e-17, 1.1712398707441946e-17, 5.775889738434995e-17, 1.0], "world_rotation": [-0.7896765794068324, 0.16013129347666225, -0.5922574345551229, -7.314247236221149e-17]}], "source": "action wait"}
{"timestamp": 1706068308.599581, "objects": [{"color": "cv_", "id_name": "hand", "shape": "CVCylinder", "id_string": "ob383", "world_size": [0.12, 0.005, 0.12], "id": 383, "camera_size": [53, 53], "camera_position": [245, 263], "world_position": [0.6838558567860981, 0.7934259241072419, -0.17407078995531727], "world_orientation": [7.166948925687955e-05, 0.14550486361058254, 0.989357533720318, -0.0007771462334724323, -0.9893572293925715, 0.145504875149896, 0.9999996954535618, -0.0007793037409749945, 4.217182938413066e-05], "world_rotation": [0.0, 1.0, 0.0, 0.0]}, {"color": "CVGreen", "id_name": "object239334188298223", "shape": "CVBox", "id_string": "ob758", "world_size": [0.09, 0.09, 0.09], "id": 758, "camera_size": [37, 37], "camera_position": [256, 254], "world_position": [0.705, 0.6448569696296074, -0.15], "world_orientation": [1.0, -4.331917303826236e-17, -1.1712398707441946e-17, 4.331917303826236e-17, 1.0, -5.775889738434995e-17, 1.1712398707441946e-17, 5.775889738434995e-17, 1.0], "world_rotation": [-0.7896765794068324, 0.16013129347666225, -0.5922574345551229, -7.314247236221149e-17]}], "source": "action wait"}
{"timestamp": 1706068308.633042, "objects": [{"color": "cv_", "id_name": "hand", "shape": "CVCylinder", "id_string": "ob383", "world_size": [0.12, 0.005, 0.12], "id": 383, "camera_size": [52, 52], "camera_position": [245, 239], "world_position": [0.7379889606926565, 0.76188763572468, -0.17407249122694113], "world_orientation": [3.879230737679061e-05, 0.10229849348597785, 0.994753746776385, -0.0007766759493696102, -0.9947534444122285, 0.10229849267940115, 0.9999996976347677, -0.0007765697052390647, 4.0863998167941854e-05], "world_rotation": [0.0, 1.0, 0.0, 0.0]}, {"color": "CVGreen", "id_name": "object239334188298223", "shape": "CVBox", "id_string": "ob758", "world_size": [0.09, 0.09, 0.09], "id": 758, "camera_size": [37, 37], "camera_position": [256, 254], "world_position": [0.705, 0.6448569696296074, -0.15], "world_orientation": [1.0, -4.331917303826236e-17, -1.1712398707441946e-17, 4.331917303826236e-17, 1.0, -5.775889738434995e-17, 1.1712398707441946e-17, 5.775889738434995e-17, 1.0], "world_rotation": [-0.7896765794068324, 0.16013129347666225, -0.5922574345551229, -7.314247236221149e-17]}], "source": "action wait"}
{"timestamp": 1706068308.66336, "objects": [{"color": "cv_", "id_name": "hand", "shape": "CVCylinder", "id_string": "ob383", "world_size": [0.12, 0.005, 0.12], "id": 383, "camera_size": [51, 51], "camera_position": [246, 224], "world_position": [0.7751344062234291, 0.7361204127297083, -0.17407394504507376], "world_orientation": [1.3721824396184605e-05, 0.07164955995815843, 0.9974298673939507, -0.0007699060853596664, -0.9974295711149058, 0.0716495492669339, 0.9999997035281217, -0.0007689104871595324, 4.147687880311741e-05], "world_rotation": [0.0, 1.0, 0.0, 0.0]}, {"color": "CVGreen", "id_name": "object239334188298223", "shape": "CVBox", "id_string": "ob758", "world_size": [0.09, 0.09, 0.09], "id": 758, "camera_size": [37, 37], "camera_position": [256, 254], "world_position": [0.705, 0.6448569696296074, -0.15], "world_orientation": [1.0, -4.331917303826236e-17, -1.1712398707441946e-17, 4.331917303826236e-17, 1.0, -5.775889738434995e-17, 1.1712398707441946e-17, 5.775889738434995e-17, 1.0], "world_rotation": [-0.7896765794068324, 0.16013129347666225, -0.5922574345551229, -7.314247236221149e-17]}], "source": "action wait"}
{"timestamp": 1706068308.69452, "objects": [{"color": "cv_", "id_name": "hand", "shape": "CVCylinder", "id_string": "ob383", "world_size": [0.12, 0.005, 0.12], "id": 383, "camera_size": [51, 51], "camera_position": [246, 214], "world_position": [0.8005942610465636, 0.7163204319820715, -0.17407749569293987], "world_orientation": [1.315999693258537e-07, 0.05000627359360624, 0.9987489036796307, -0.0007648831178360341, -0.9987486115174455, 0.05000625906614777, 0.9999997074768565, -0.0007639327562042996, 3.8117519171381295e-05], "world_rotation": [0.0, 1.0, 0.0, 0.0]}, {"color": "CVGreen", "id_name": "object239334188298223", "shape": "CVBox", "id_string": "ob758", "world_size": [0.09, 0.09, 0.09], "id": 758, "camera_size": [37, 37], "camera_position": [256, 254], "world_position": [0.705, 0.6448569696296074, -0.15], "world_orientation": [1.0, -4.331917303826236e-17, -1.1712398707441946e-17, 4.331917303826236e-17, 1.0, -5.775889738434995e-17, 1.1712398707441946e-17, 5.775889738434995e-17, 1.0], "world_rotation": [-0.7896765794068324, 0.16013129347666225, -0.5922574345551229, -7.314247236221149e-17]}], "source": "action wait"}
{"timestamp": 1706068308.763096, "objects": [{"color": "cv_", "id_name": "hand", "shape": "CVCylinder", "id_string": "ob383", "world_size": [0.12, 0.005, 0.12], "id": 383, "camera_size": [49, 50], "camera_position": [246, 207], "world_position": [0.8302810601413844, 0.6908586363407955, -0.17408581300793538], "world_orientation": [-9.745195226531514e-06, 0.0239744562148087, 0.999712571369509, -0.0007602993653485286, -0.9997122826500835, 0.023974441879531842, 0.9999997109249114, -0.0007598471979269771, 2.7970155209854563e-05], "world_rotation": [0.0, 1.0, 0.0, 0.0]}, {"color": "CVGreen", "id_name": "object239334188298223", "shape": "CVBox", "id_string": "ob758", "world_size": [0.09, 0.09, 0.09], "id": 758, "camera_size": [37, 37], "camera_position": [256, 254], "world_position": [0.705, 0.6448569696296074, -0.15], "world_orientation": [1.0, -4.331917303826236e-17, -1.1712398707441946e-17, 4.331917303826236e-17, 1.0, -5.775889738434995e-17, 1.1712398707441946e-17, 5.775889738434995e-17, 1.0], "world_rotation": [-0.7896765794068324, 0.16013129347666225, -0.5922574345551229, -7.314247236221149e-17]}], "source": "action wait"}
{"timestamp": 1706068308.794909, "objects": [{"color": "cv_", "id_name": "hand", "shape": "CVCylinder", "id_string": "ob383", "world_size": [0.12, 0.005, 0.12], "id": 383, "camera_size": [49, 50], "camera_position": [246, 199], "world_position": [0.8387293349454956, 0.6831288235476065, -0.1740894841566837], "world_orientation": [-1.0662139575063986e-05, 0.016386887925022697, 0.9998657258804562, -0.0007597711193129197, -0.9998654374826724, 0.016386875096572683, 0.9999997113170409, -0.0007594943825656995, 2.3110989031942743e-05], "world_rotation": [0.0, 1.0, 0.0, 0.0]}, {"color": "CVGreen", "id_name": "object239334188298223", "shape": "CVBox", "id_string": "ob758", "world_size": [0.09, 0.09, 0.09], "id": 758, "camera_size": [37, 37], "camera_position": [256, 254], "world_position": [0.705, 0.6448569696296074, -0.15], "world_orientation": [1.0, -4.331917303826236e-17, -1.1712398707441946e-17, 4.331917303826236e-17, 1.0, -5.775889738434995e-17, 1.1712398707441946e-17, 5.775889738434995e-17, 1.0], "world_rotation": [-0.7896765794068324, 0.16013129347666225, -0.5922574345551229, -7.314247236221149e-17]}], "source": "action wait"}
{"timestamp": 1706068308.831616, "objects": [{"color": "cv_", "id_name": "hand", "shape": "CVCylinder", "id_string": "ob383", "world_size": [0.12, 0.005, 0.12], "id": 383, "camera_size": [49, 49], "camera_position": [246, 197], "world_position": [0.8446262727810607, 0.6776087692642977, -0.17409259650684997], "world_orientation": [-1.0510573375330035e-05, 0.011039109680962809, 0.9999390671170817, -0.0007598236917938491, -0.9999387786120011, 0.011039098509260619, 0.9999997112787009, -0.0007596613662912858, 1.8897706975714047e-05], "world_rotation": [0.0, 1.0, 0.0, 0.0]}, {"color": "CVGreen", "id_name": "object239334188298223", "shape": "CVBox", "id_string": "ob758", "world_size": [0.09, 0.09, 0.09], "id": 758, "camera_size": [37, 37], "camera_position": [256, 254], "world_position": [0.705, 0.6448569696296074, -0.15], "world_orientation": [1.0, -4.331917303826236e-17, -1.1712398707441946e-17, 4.331917303826236e-17, 1.0, -5.775889738434995e-17, 1.1712398707441946e-17, 5.775889738434995e-17, 1.0], "world_rotation": [-0.7896765794068324, 0.16013129347666225, -0.5922574345551229, -7.314247236221149e-17]}], "source": "action wait"}
{"timestamp": 1706068308.862432, "objects": [{"color": "cv_", "id_name": "hand", "shape": "CVCylinder", "id_string": "ob383", "world_size": [0.12, 0.005, 0.12], "id": 383, "camera_size": [49, 49], "camera_position": [246, 196], "world_position": [0.848753604962504, 0.6736878339391841, -0.17409514850090885], "world_orientation": [-9.851186507014633e-06, 0.007270076607149331, 0.9999735725953364, -0.0007601672710427611, -0.9999732837787543, 0.007270067018628008, 0.9999997110242953, -0.0007600755630089185, 1.53773976156317e-05], "world_rotation": [0.0, 1.0, 0.0, 0.0]}, {"color": "CVGreen", "id_name": "object239334188298223", "shape": "CVBox", "id_string": "ob758", "world_size": [0.09, 0.09, 0.09], "id": 758, "camera_size": [37, 37], "camera_position": [256, 254], "world_position": [0.705, 0.6448569696296074, -0.15], "world_orientation": [1.0, -4.331917303826236e-17, -1.1712398707441946e-17, 4.331917303826236e-17, 1.0, -5.775889738434995e-17, 1.1712398707441946e-17, 5.775889738434995e-17, 1.0], "world_rotation": [-0.7896765794068324, 0.16013129347666225, -0.5922574345551229, -7.314247236221149e-17]}], "source": "action wait"}
{"timestamp": 1706068308.897965, "objects": [{"color": "cv_", "id_name": "hand", "shape": "CVCylinder", "id_string": "ob383", "world_size": [0.12, 0.005, 0.12], "id": 383, "camera_size": [49, 49], "camera_position": [246, 195], "world_position": [0.8516482957615933, 0.6709125976336578, -0.17409719359714512], "world_orientation": [-9.02063317309063e-06, 0.004613714160404897, 0.9999893567234975, -0.0007606222254337836, -0.9999890675257912, 0.004613705964748444, 0.9999997106861873, -0.00076057251137242, 1.2529828087819705e-05], "world_rotation": [0.0, 1.0, 0.0, 0.0]}, {"color": "CVGreen", "id_name": "object239334188298223", "shape": "CVBox", "id_string": "ob758", "world_size": [0.09, 0.09, 0.09], "id": 758, "camera_size": [37, 37], "camera_position": [256, 254], "world_position": [0.705, 0.6448569696296074, -0.15], "world_orientation": [1.0, -4.331917303826236e-17, -1.1712398707441946e-17, 4.331917303826236e-17, 1.0, -5.775889738434995e-17, 1.1712398707441946e-17, 5.775889738434995e-17, 1.0], "world_rotation": [-0.7896765794068324, 0.16013129347666225, -0.5922574345551229, -7.314247236221149e-17]}], "source": "action wait"}
{"timestamp": 1706068308.927534, "objects": [{"color": "cv_", "id_name": "hand", "shape": "CVCylinder", "id_string": "ob383", "world_size": [0.12, 0.005, 0.12], "id": 383, "camera_size": [49, 49], "camera_position": [246, 194], "world_position": [0.8536815569786328, 0.6689528465473974, -0.17409880562071392], "world_orientation": [-8.176773359925196e-06, 0.002741511824532642, 0.999996242015967, -0.0007610867504713608, -0.9999959524409834, 0.002741504807399425, 0.9999997103400075, -0.0007610614736563698, 1.0263268590229784e-05], "world_rotation": [0.0, 1.0, 0.0, 0.0]}, {"color": "CVGreen", "id_name": "object239334188298223", "shape": "CVBox", "id_string": "ob758", "world_size": [0.09, 0.09, 0.09], "id": 758, "camera_size": [37, 37], "camera_position": [256, 254], "world_position": [0.705, 0.6448569696296074, -0.15], "world_orientation": [1.0, -4.331917303826236e-17, -1.1712398707441946e-17, 4.331917303826236e-17, 1.0, -5.775889738434995e-17, 1.1712398707441946e-17, 5.775889738434995e-17, 1.0], "world_rotation": [-0.7896765794068324, 0.16013129347666225, -0.5922574345551229, -7.314247236221149e-17]}], "source": "action wait"}
{"timestamp": 1706068308.954422, "objects": [{"color": "cv_", "id_name": "hand", "shape": "CVCylinder", "id_string": "ob383", "world_size": [0.12, 0.005, 0.12], "id": 383, "camera_size": [48, 48], "camera_position": [246, 193], "world_position": [0.8551113279928524, 0.6675710400977344, -0.1741000606633078], "world_orientation": [-7.407054629461333e-06, 0.0014219506567572516, 0.9999989890002218, -0.0007615097988038399, -0.9999986990873385, 0.0014219446039650506, 0.9999997100239391, -0.0007614984964966449, 8.489874352431619e-06], "world_rotation": [0.0, 1.0, 0.0, 0.0]}, {"color": "CVGreen", "id_name": "object239334188298223", "shape": "CVBox", "id_string": "ob758", "world_size": [0.09, 0.09, 0.09], "id": 758, "camera_size": [37, 37], "camera_position": [256, 254], "world_position": [0.705, 0.6448569696296074, -0.15], "world_orientation": [1.0, -4.331917303826236e-17, -1.1712398707441946e-17, 4.331917303826236e-17, 1.0, -5.775889738434995e-17, 1.1712398707441946e-17, 5.775889738434995e-17, 1.0], "world_rotation": [-0.7896765794068324, 0.16013129347666225, -0.5922574345551229, -7.314247236221149e-17]}], "source": "action wait"}
{"timestamp": 1706068308.987011, "objects": [{"color": "cv_", "id_name": "hand", "shape": "CVCylinder", "id_string": "ob383", "world_size": [0.12, 0.005, 0.12], "id": 383, "camera_size": [48, 49], "camera_position": [246, 193], "world_position": [0.8561175444320789, 0.6665976669333781, -0.17410102848520473], "world_orientation": [-6.743665171587694e-06, 0.0004918740623071914, 0.9999998790072077, -0.0007618707612555743, -0.9999995888089378, 0.0004918687817646434, 0.9999997097536909, -0.0007618673520767331, 7.118406865309474e-06], "world_rotation": [0.0, 1.0, 0.0, 0.0]}, {"color": "CVGreen", "id_name": "object239334188298223", "shape": "CVBox", "id_string": "ob758", "world_size": [0.09, 0.09, 0.09], "id": 758, "camera_size": [37, 37], "camera_position": [256, 254], "world_position": [0.705, 0.6448569696296074, -0.15], "world_orientation": [1.0, -4.331917303826236e-17, -1.1712398707441946e-17, 4.331917303826236e-17, 1.0, -5.775889738434995e-17, 1.1712398707441946e-17, 5.775889738434995e-17, 1.0], "world_rotation": [-0.7896765794068324, 0.16013129347666225, -0.5922574345551229, -7.314247236221149e-17]}], "source": "action wait"}
{"timestamp": 1706068309.021249, "objects": [{"color": "cv_", "id_name": "hand", "shape": "CVCylinder", "id_string": "ob383", "world_size": [0.12, 0.005, 0.12], "id": 383, "camera_size": [48, 49], "camera_position": [246, 193], "world_position": [0.8568260971553678, 0.6659123984782256, -0.17410176917003], "world_orientation": [-6.1922013491932306e-06, -0.00016369799550746664, 0.9999999865823115, -0.0007621660291126968, -0.9999996961521442, -0.00016370266744974787, 0.9999997095322583, -0.0007621670325664682, 6.06743441686096e-06], "world_rotation": [0.0, 1.0, 0.0, 0.0]}, {"color": "CVGreen", "id_name": "object239334188298223", "shape": "CVBox", "id_string": "ob758", "world_size": [0.09, 0.09, 0.09], "id": 758, "camera_size": [37, 37], "camera_position": [256, 254], "world_position": [0.705, 0.6448569696296074, -0.15], "world_orientation": [1.0, -4.331917303826236e-17, -1.1712398707441946e-17, 4.331917303826236e-17, 1.0, -5.775889738434995e-17, 1.1712398707441946e-17, 5.775889738434995e-17, 1.0], "world_rotation": [-0.7896765794068324, 0.16013129347666225, -0.5922574345551229, -7.314247236221149e-17]}], "source": "action wait"}
{"timestamp": 1706068309.056877, "objects": [{"color": "cv_", "id_name": "hand", "shape": "CVCylinder", "id_string": "ob383", "world_size": [0.12, 0.005, 0.12], "id": 383, "camera_size": [48, 48], "camera_position": [246, 192], "world_position": [0.8573252565225965, 0.6654301154211744, -0.17410233252424379], "world_orientation": [-5.745054161402829e-06, -0.0006257961461165356, 0.9999998041730698, -0.0007624005463802091, -0.9999995135595497, -0.000625800344284585, 0.9999997093561585, -0.0007624039923389179, 5.2679440434184095e-06], "world_rotation": [0.0, 1.0, 0.0, 0.0]}, {"color": "CVGreen", "id_name": "object239334188298223", "shape": "CVBox", "id_string": "ob758", "world_size": [0.09, 0.09, 0.09], "id": 758, "camera_size": [37, 37], "camera_position": [256, 254], "world_position": [0.705, 0.6448569696296074, -0.15], "world_orientation": [1.0, -4.331917303826236e-17, -1.1712398707441946e-17, 4.331917303826236e-17, 1.0, -5.775889738434995e-17, 1.1712398707441946e-17, 5.775889738434995e-17, 1.0], "world_rotation": [-0.7896765794068324, 0.16013129347666225, -0.5922574345551229, -7.314247236221149e-17]}], "source": "action wait"}
{"timestamp": 1706068309.092608, "objects": [{"color": "cv_", "id_name": "hand", "shape": "CVCylinder", "id_string": "ob383", "world_size": [0.12, 0.005, 0.12], "id": 383, "camera_size": [48, 48], "camera_position": [246, 192], "world_position": [0.8576770131735035, 0.6650907421940375, -0.17410275879539444], "world_orientation": [-5.389053487450339e-06, -0.0009515273696530761, 0.9999995472832091, -0.0007625828224695005, -0.9999992565276284, -0.0009515312025922095, 0.9999997092191563, -0.0007625876050883879, 4.66343105399498e-06], "world_rotation": [0.0, 1.0, 0.0, 0.0]}, {"color": "CVGreen", "id_name": "object239334188298223", "shape": "CVBox", "id_string": "ob758", "world_size": [0.09, 0.09, 0.09], "id": 758, "camera_size": [37, 37], "camera_position": [256, 254], "world_position": [0.705, 0.6448569696296074, -0.15], "world_orientation": [1.0, -4.331917303826236e-17, -1.1712398707441946e-17, 4.331917303826236e-17, 1.0, -5.775889738434995e-17, 1.1712398707441946e-17, 5.775889738434995e-17, 1.0], "world_rotation": [-0.7896765794068324, 0.16013129347666225, -0.5922574345551229, -7.314247236221149e-17]}], "source": "action wait"}
{"timestamp": 1706068309.124534, "objects": [{"color": "cv_", "id_name": "hand", "shape": "CVCylinder", "id_string": "ob383", "world_size": [0.12, 0.005, 0.12], "id": 383, "camera_size": [48, 48], "camera_position": [246, 192], "world_position": [0.8579249523954664, 0.6648519408140585, -0.17410307992542065], "world_orientation": [-5.109569896158321e-06, -0.0011811396406175604, 0.9999993024412777, -0.0007627221765146058, -0.9999990115773296, -0.0011811431942509805, 0.9999997091143445, -0.0007627276796051563, 4.208683448647855e-06], "world_rotation": [0.0, 1.0, 0.0, 0.0]}, {"color": "CVGreen", "id_name": "object239334188298223", "shape": "CVBox", "id_string": "ob758", "world_size": [0.09, 0.09, 0.09], "id": 758, "camera_size": [37, 37], "camera_position": [256, 254], "world_position": [0.705, 0.6448569696296074, -0.15], "world_orientation": [1.0, -4.331917303826236e-17, -1.1712398707441946e-17, 4.331917303826236e-17, 1.0, -5.775889738434995e-17, 1.1712398707441946e-17, 5.775889738434995e-17, 1.0], "world_rotation": [-0.7896765794068324, 0.16013129347666225, -0.5922574345551229, -7.314247236221149e-17]}], "source": "action wait"}
{"timestamp": 1706068310.511525, "objects": [{"color": "cv_", "id_name": "hand", "shape": "CVCylinder", "id_string": "ob383", "world_size": [0.12, 0.005, 0.12], "id": 383, "camera_size": [48, 49], "camera_position": [246, 192], "world_position": [0.8585178078607791, 0.6642843693192871, -0.17410401749860338], "world_orientation": [-4.215195174424211e-06, -0.0017297533345503558, 0.9999985039666979, -0.0007631196841782366, -0.9999982127945847, -0.0017297560475964242, 0.9999997088152475, -0.0007631258337854841, 2.895178822999888e-06], "world_rotation": [0.0, 1.0, 0.0, 0.0]}, {"color": "CVGreen", "id_name": "object239334188298223", "shape": "CVBox", "id_string": "ob758", "world_size": [0.09, 0.09, 0.09], "id": 758, "camera_size": [37, 37], "camera_position": [256, 254], "world_position": [0.705, 0.6448569696296074, -0.15], "world_orientation": [1.0, -4.331917303826236e-17, -1.1712398707441946e-17, 4.331917303826236e-17, 1.0, -5.775889738434995e-17, 1.1712398707441946e-17, 5.775889738434995e-17, 1.0], "world_rotation": [-0.7896765794068324, 0.16013129347666225, -0.5922574345551229, -7.314247236221149e-17]}], "source": "action wait"}
{"timestamp": 1706068310.536734, "objects": [{"color": "cv_", "id_name": "hand", "shape": "CVCylinder", "id_string": "ob383", "world_size": [0.12, 0.005, 0.12], "id": 383, "camera_size": [48, 48], "camera_position": [246, 205], "world_position": [0.8258198681041585, 0.6515055908897155, -0.17408817721163722], "world_orientation": [-4.6067522996554916e-05, -0.02261964723444829, 0.9997441419867247, -0.0007600576714383552, -0.9997438534855864, -0.022619675729918947, 0.9999997100950176, -0.0007609052370248015, 2.886348655569581e-05], "world_rotation": [0.0, 1.0, 0.0, 0.0]}, {"color": "CVGreen", "id_name": "object239334188298223", "shape": "CVBox", "id_string": "ob758", "world_size": [0.09, 0.09, 0.09], "id": 758, "camera_size": [37, 37], "camera_position": [256, 254], "world_position": [0.705, 0.6448569696296074, -0.15], "world_orientation": [1.0, -4.331917303826236e-17, -1.1712398707441946e-17, 4.331917303826236e-17, 1.0, -5.775889738434995e-17, 1.1712398707441946e-17, 5.775889738434995e-17, 1.0], "world_rotation": [-0.7896765794068324, 0.16013129347666225, -0.5922574345551229, -7.314247236221149e-17]}], "source": "action wait"}
{"timestamp": 1706068310.568275, "objects": [{"color": "cv_", "id_name": "hand", "shape": "CVCylinder", "id_string": "ob383", "world_size": [0.12, 0.005, 0.12], "id": 383, "camera_size": [48, 48], "camera_position": [246, 219], "world_position": [0.7917069158501118, 0.6582649661972951, -0.1740975403285617], "world_orientation": [-3.350565147154414e-05, -0.01647190970700325, 0.999864328330587, -0.0007581158232272338, -0.999864041142565, -0.016471930380437035, 0.9999997120688435, -0.0007585648711466436, 2.1013480694159665e-05], "world_rotation": [0.0, 1.0, 0.0, 0.0]}, {"color": "CVGreen", "id_name": "object239334188298223", "shape": "CVBox", "id_string": "ob758", "world_size": [0.09, 0.09, 0.09], "id": 758, "camera_size": [37, 38], "camera_position": [256, 263], "world_position": [0.6808059655678901, 0.6461874540607381, -0.15000332643286615], "world_orientation": [0.9994681735208368, -0.032609221210684144, 9.386668765280958e-05, 0.03260922243895343, 0.9994681778214513, -1.1584262868492649e-05, -9.34390134760475e-05, 1.463902174803586e-05, 0.9999999955274249], "world_rotation": [0.00040208218537668726, 0.0028719623321303636, 0.9999957950722989, 0.03261514101597756]}], "source": "action wait"}
{"timestamp": 1706068310.601909, "objects": [{"color": "cv_", "id_name": "hand", "shape": "CVCylinder", "id_string": "ob383", "world_size": [0.12, 0.005, 0.12], "id": 383, "camera_size": [48, 49], "camera_position": [246, 229], "world_position": [0.7671874543327236, 0.6616893824882234, -0.17410365467343716], "world_orientation": [-1.729572920996579e-05, -0.012069114086056834, 0.9999271654405814, -0.0007619895124647856, -0.9999268751381747, -0.01206912376223263, 0.9999997095363783, -0.0007621427575911178, 8.09792610419889e-06], "world_rotation": [0.0, 1.0, 0.0, 0.0]}, {"color": "CVGreen", "id_name": "object239334188298223", "shape": "CVBox", "id_string": "ob758", "world_size": [0.09, 0.09, 0.09], "id": 758, "camera_size": [37, 39], "camera_position": [256, 282], "world_position": [0.635900580202879, 0.646727906701039, -0.1500035593213897], "world_orientation": [0.9990067371042207, -0.04455928917586011, 9.47022752779549e-05, 0.04455928995467801, 0.9990067415394015, -6.1288476925607785e-06, -9.433511434514954e-05, 1.0342626279031976e-05, 0.9999999954969582], "world_rotation": [0.0001848260687595832, 0.002121184639144562, 0.9999977332049563, 0.0445741494998481]}], "source": "action wait"}
{"timestamp": 1706068310.637873, "objects": [{"color": "cv_", "id_name": "hand", "shape": "CVCylinder", "id_string": "ob383", "world_size": [0.12, 0.005, 0.12], "id": 383, "camera_size": [48, 49], "camera_position": [246, 236], "world_position": [0.7498434121231047, 0.6633494418856858, -0.17410672485069487], "world_orientation": [-8.30257664402388e-06, -0.008980498682141558, 0.9999596744741698, -0.0007634526699709292, -0.9999593830334307, -0.008980502403632391, 0.9999997085355017, -0.0007634964446504611, 1.4460537223507628e-06], "world_rotation": [0.0, 1.0, 0.0, 0.0]}, {"color": "CVGreen", "id_name": "object239334188298223", "shape": "CVBox", "id_string": "ob758", "world_size": [0.09, 0.09, 0.09], "id": 758, "camera_size": [37, 39], "camera_position": [256, 298], "world_position": [0.5952262211246903, 0.6440870914135419, -0.15000403672063436], "world_orientation": [0.9998674073338382, 0.016283684391201994, 9.682022840754089e-05, -0.016283684086363208, 0.9998674120187554, -3.9360171964357944e-06, -9.687148407069783e-05, 2.3589052968631013e-06, 0.9999999953051756], "world_rotation": [0.00019328583615041065, 0.0059473114469026185, -0.9999822959068521, 0.016284692281727478]}], "source": "action wait"}
{"timestamp": 1706068310.67342, "objects": [{"color": "cv_", "id_name": "hand", "shape": "CVCylinder", "id_string": "ob383", "world_size": [0.12, 0.005, 0.12], "id": 383, "camera_size": [48, 49], "camera_position": [246, 241], "world_position": [0.7376084141475608, 0.6641497089092833, -0.17410803758112972], "world_orientation": [-3.2416390038363838e-06, -0.006812823619116665, 0.999976792442618, -0.0007638631819289315, -0.9999765006942499, -0.006812824107666115, 0.999999708251223, -0.0007638675392470347, -1.9625022996838883e-06], "world_rotation": [0.0, 1.0, 0.0, 0.0]}, {"color": "CVGreen", "id_name": "object239334188298223", "shape": "CVBox", "id_string": "ob758", "world_size": [0.09, 0.09, 0.09], "id": 758, "camera_size": [37, 39], "camera_position": [256, 309], "world_position": [0.566832947836003, 0.6449314323022247, -0.15000400341445286], "world_orientation": [0.9999944432943267, -0.003332263613368183, 9.69519501685374e-05, 0.0033322639065479377, 0.999994447989119, -2.8625916187829966e-06, -9.694187298036393e-05, 3.1856451964186804e-06, 0.9999999952960626], "world_rotation": [0.0009071425153040955, 0.029081091863192333, 0.9995766439790906, 0.003333681266148988]}], "source": "action wait"}
{"timestamp": 1706068310.707479, "objects": [{"color": "cv_", "id_name": "hand", "shape": "CVCylinder", "id_string": "ob383", "world_size": [0.12, 0.005, 0.12], "id": 383, "camera_size": [48, 48], "camera_position": [246, 244], "world_position": [0.7289879578189707, 0.6645337612799542, -0.17410836938390598], "world_orientation": [-9.491155474260847e-07, -0.0052906744341463295, 0.9999860042836256, -0.0007638577509306604, -0.999985712544949, -0.005290673615629437, 0.9999997082601753, -0.0007638520816551971, -3.0922206868260254e-06], "world_rotation": [0.0, 1.0, 0.0, 0.0]}, {"color": "CVGreen", "id_name": "object239334188298223", "shape": "CVBox", "id_string": "ob758", "world_size": [0.09, 0.09, 0.09], "id": 758, "camera_size": [37, 39], "camera_position": [256, 318], "world_position": [0.5453448066741129, 0.6444645048237345, -0.15000409462898448], "world_orientation": [0.9999780161262817, 0.006630069591489201, 9.716665181037257e-05, -0.006630069421973468, 0.999978020846053, -2.0665981086118167e-06, -9.717821785885167e-05, 1.4223310297749508e-06, 0.9999999952771856], "world_rotation": [0.00026308580550431156, 0.01465474779066445, -0.9998925788068692, 0.006630830383743463]}], "source": "action wait"}
{"timestamp": 1706068310.738541, "objects": [{"color": "cv_", "id_name": "hand", "shape": "CVCylinder", "id_string": "ob383", "world_size": [0.12, 0.005, 0.12], "id": 383, "camera_size": [48, 48], "camera_position": [246, 246], "world_position": [0.7229174157941332, 0.664717536549151, -0.17410818590154414], "world_orientation": [-1.8106479437293575e-07, -0.004221358391114204, 0.9999910900269569, -0.0007637206290257863, -0.9999907983943457, -0.0042213572983012424, 0.9999997083653415, -0.0007637145886351347, -3.042875357158424e-06], "world_rotation": [0.0, 1.0, 0.0, 0.0]}, {"color": "CVGreen", "id_name": "object239334188298223", "shape": "CVBox", "id_string": "ob758", "world_size": [0.09, 0.09, 0.09], "id": 758, "camera_size": [37, 40], "camera_position": [256, 322], "world_position": [0.5343474771507548, 0.6447940571703319, -0.15000410300012965], "world_orientation": [0.9999995772753422, -0.0009143332284490943, 9.7179649894413e-05, 0.000914333344264317, 0.9999995819965222, -1.1473435226666568e-06, -9.717856021867403e-05, 1.2361976319463638e-06, 0.9999999952773998], "world_rotation": [0.001296129967306392, 0.10568875642531278, 0.9943984145262796, 0.0009194839833182933]}], "source": "action wait"}
