{"timestamp": 1706068125.862, "objects": [{"color": "cv_", "id_name": "hand", "shape": "CVCylinder", "id_string": "ob383", "world_size": [0.12, 0.005, 0.12], "id": 383, "camera_size": [48, 50], "camera_position": [246, 426], "world_position": [0.26764451554002183, 0.6334703013847306, -0.1738926040084746], "world_orientation": [-0.0006415489855696238, 0.19791547486655958, 0.9802188802625886, -0.0007473670878586809, -0.9802189031249381, 0.1979149903341827, 0.99999951492855, -0.0006056111687283134, 0.0007767739550295916], "world_rotation": [0.0, 1.0, 0.0, 0.0]}, {"color": "CVPurple", "id_name": "object38678557722542", "shape": "CVSphere", "id_string": "ob716", "world_size": [0.11, 0.11, 0.11], "id": 716, "camera_size": [45, 45], "camera_position": [256, 254], "world_position": [0.705, 0.6547388545032035, -0.15], "world_orientation": [1.0, -4.897221604918397e-17, 1.4640341299624373e-17, 4.897221604918397e-17, 1.0, 1.0588587253877655e-17, -1.4640341299624373e-17, -1.0588587253877655e-17, 1.0], "world_rotation": [-0.20285038077759815, 0.2804716754121498, 0.9381830110963879, 5.219900112234351e-17]}], "source": "manual check"}
{"timestamp": 1706068126.882929, "objects": [{"color": "cv_", "id_name": "hand", "shape": "CVCylinder", "id_string": "ob383", "world_size": [0.12, 0.005, 0.12], "id": 383, "camera_size": [48, 50], "camera_position": [246, 426], "world_position": [0.26764451554002183, 0.6334703013847306, -0.1738926040084746], "world_orientation": [-0.0006415489855696238, 0.19791547486655958, 0.9802188802625886, -0.0007473670878586809, -0.9802189031249381, 0.1979149903341827, 0.99999951492855, -0.0006056111687283134, 0.0007767739550295916], "world_rotation": [0.0, 1.0, 0.0, 0.0]}, {"color": "CVPurple", "id_name": "object38678557722542", "shape": "CVSphere", "id_string": "ob716", "world_size": [0.11, 0.11, 0.11], "id": 716, "camera_size": [45, 45], "camera_position": [256, 254], "world_position": [0.705, 0.6547388572526824, -0.15], "world_orientation": [1.0, -3.838362879530641e-17, 1.4813540171849057e-17, 3.838362879530641e-17, 1.0, 5.294293626938881e-18, -1.4813540171849057e-17, -5.294293626938881e-18, 1.0], "world_rotation": [-0.1276280613210114, 0.35710588544125776, 0.925303444577321, 4.1482206750932463e-17]}], "source": "manual check"}
{"timestamp": 1706068129.50276, "objects": [{"color": "cv_", "id_name": "hand", "shape": "CVCylinder", "id_string": "ob383", "world_size": [0.12, 0.005, 0.12], "id": 383, "camera_size": [48, 50], "camera_position": [246, 426], "world_position": [0.26764451554002183, 0.6334703013847306, -0.1738926040084746], "world_orientation": [-0.0006415489855696238, 0.19791547486655958, 0.9802188802625886, -0.0007473670878586809, -0.9802189031249381, 0.1979149903341827, 0.99999951492855, -0.0006056111687283134, 0.0007767739550295916], "world_rotation": [0.0, 1.0, 0.0, 0.0]}, {"color": "CVPurple", "id_name": "object38678557722542", "shape": "CVSphere", "id_string": "ob716", "world_size": [0.11, 0.11, 0.11], "id": 716, "camera_size": [45, 45], "camera_position": [256, 254], "world_position": [0.705, 0.6547388572526824, -0.15], "world_orientation": [1.0, -3.838362879530641e-17, 1.4813540171849057e-17, 3.838362879530641e-17, 1.0, 5.294293626938881e-18, -1.4813540171849057e-17, -5.294293626938881e-18, 1.0], "world_rotation": [-0.1276280613210114, 0.35710588544125776, 0.925303444577321, 4.1482206750932463e-17]}], "source": "action wait"}
{"timestamp": 1706068129.532133, "objects": [{"color": "cv_", "id_name": "hand", "shape": "CVCylinder", "id_string": "ob383", "world_size": [0.12, 0.005, 0.12], "id": 383, "camera_size": [49, 51], "camera_position": [246, 421], "world_position": [0.29149013501027354, 0.66813786129347, -0.1739559210411339], "world_orientation": [-0.00038007079729025057, 0.20167682942118778, 0.979452046820469, -0.0007142625537534663, -0.9794519224684531, 0.20167652665061384, 0.9999996726875431, -0.0006229345619624978, 0.000516311280295763], "world_rotation": [0.0, 1.0, 0.0, 0.0]}, {"color": "CVPurple", "id_name": "object38678557722542", "shape": "CVSphere", "id_string": "ob716", "world_size": [0.11, 0.11, 0.11], "id": 716, "camera_size": [45, 45], "camera_position": [256, 254], "world_position": [0.705, 0.6547388572526824, -0.15], "world_orientation": [1.0, -3.838362879530641e-17, 1.4813540171849057e-17, 3.838362879530641e-17, 1.0, 5.294293626938881e-18, -1.4813540171849057e-17, -5.294293626938881e-18, 1.0], "world_rotation": [-0.1276280613210114, 0.35710588544125776, 0.925303444577321, 4.1482206750932463e-17]}], "source": "action wait"}
{"timestamp": 1706068129.561623, "objects": [{"color": "cv_", "id_name": "hand", "shape": "CVCylinder", "id_string": "ob383", "world_size": [0.12, 0.005, 0.12], "id": 383, "camera_size": [51, 52], "camera_position": [246, 406], "world_position": [0.33779803392762364, 0.7065283167740493, -0.17398369791323245], "world_orientation": [-0.000218378892872609, 0.19273209388093984, 0.9812513909793594, -0.0007302878115027794, -0.9812511834530943, 0.19273189059316168, 0.9999997094951437, -0.0006745073539636791, 0.0003550344461195113], "world_rotation": [0.0, 1.0, 0.0, 0.0]}, {"color": "CVPurple", "id_name": "object38678557722542", "shape": "CVSphere", "id_string": "ob716", "world_size": [0.11, 0.11, 0.11], "id": 716, "camera_size": [45, 45], "camera_position": [256, 254], "world_position": [0.705, 0.6547388572526824, -0.15], "world_orientation": [1.0, -3.838362879530641e-17, 1.4813540171849057e-17, 3.838362879530641e-17, 1.0, 5.294293626938881e-18, -1.4813540171849057e-17, -5.294293626938881e-18, 1.0], "world_rotation": [-0.1276280613210114, 0.35710588544125776, 0.925303444577321, 4.1482206750932463e-17]}], "source": "action wait"}
{"timestamp": 1706068129.593199, "objects": [{"color": "cv_", "id_name": "hand", "shape": "CVCylinder", "id_string": "ob383", "world_size": [0.12, 0.005, 0.12], "id": 383, "camera_size": [51, 53], "camera_position": [246, 388], "world_position": [0.38855802731985756, 0.7399955020870859, -0.17400424796298977], "world_orientation": [-0.00011332834717070008, 0.18634651203907995, 0.9824840785516855, -0.0007413483226116434, -0.9824838305315512, 0.1863463794837851, 0.9999997187796358, -0.000707244596439085, 0.0002494909427612069], "world_rotation": [0.0, 1.0, 0.0, 0.0]}, {"color": "CVPurple", "id_name": "object38678557722542", "shape": "CVSphere", "id_string": "ob716", "world_size": [0.11, 0.11, 0.11], "id": 716, "camera_size": [45, 45], "camera_position": [256, 254], "world_position": [0.705, 0.6547388572526824, -0.15], "world_orientation": [1.0, -3.838362879530641e-17, 1.4813540171849057e-17, 3.838362879530641e-17, 1.0, 5.294293626938881e-18, -1.4813540171849057e-17, -5.294293626938881e-18, 1.0], "world_rotation": [-0.1276280613210114, 0.35710588544125776, 0.925303444577321, 4.1482206750932463e-17]}], "source": "action wait"}
{"timestamp": 1706068129.634905, "objects": [{"color": "cv_", "id_name": "hand", "shape": "CVCylinder", "id_string": "ob383", "world_size": [0.12, 0.005, 0.12], "id": 383, "camera_size": [52, 53], "camera_position": [245, 367], "world_position": [0.4428168811623374, 0.7681480332726973, -0.17402280724286082], "world_orientation": [-3.9386533970912034e-05, 0.18183631228428054, 0.9833288127496086, -0.0007486311453836124, -0.9833285433212866, 0.18183623247594258, 0.9999997190000153, -0.0007289886764301845, 0.0001748582298142288], "world_rotation": [0.0, 1.0, 0.0, 0.0]}, {"color": "CVPurple", "id_name": "object38678557722542", "shape": "CVSphere", "id_string": "ob716", "world_size": [0.11, 0.11, 0.11], "id": 716, "camera_size": [45, 45], "camera_position": [256, 254], "world_position": [0.705, 0.6547388572526824, -0.15], "world_orientation": [1.0, -3.838362879530641e-17, 1.4813540171849057e-17, 3.838362879530641e-17, 1.0, 5.294293626938881e-18, -1.4813540171849057e-17, -5.294293626938881e-18, 1.0], "world_rotation": [-0.1276280613210114, 0.35710588544125776, 0.925303444577321, 4.1482206750932463e-17]}], "source": "action wait"}
{"timestamp": 1706068129.663235, "objects": [{"color": "cv_", "id_name": "hand", "shape": "CVCylinder", "id_string": "ob383", "world_size": [0.12, 0.005, 0.12], "id": 383, "camera_size": [53, 53], "camera_position": [245, 344], "world_position": [0.49990015871278515, 0.7906935377571025, -0.17403899746990814], "world_orientation": [1.256833971111088e-05, 0.17865032415326612, 0.9839126290082723, -0.0007535154532871333, -0.9839123480683657, 0.17865028276791778, 0.9999997160282089, -0.0007436387080856936, 0.00012224963534818517], "world_rotation": [0.0, 1.0, 0.0, 0.0]}, {"color": "CVPurple", "id_name": "object38678557722542", "shape": "CVSphere", "id_string": "ob716", "world_size": [0.11, 0.11, 0.11], "id": 716, "camera_size": [45, 45], "camera_position": [256, 254], "world_position": [0.705, 0.6547388572526824, -0.15], "world_orientation": [1.0, -3.838362879530641e-17, 1.4813540171849057e-17, 3.838362879530641e-17, 1.0, 5.294293626938881e-18, -1.4813540171849057e-17, -5.294293626938881e-18, 1.0], "world_rotation": [-0.1276280613210114, 0.35710588544125776, 0.925303444577321, 4.1482206750932463e-17]}], "source": "action wait"}
{"timestamp": 1706068129.702122, "objects": [{"color": "cv_", "id_name": "hand", "shape": "CVCylinder", "id_string": "ob383", "world_size": [0.12, 0.005, 0.12], "id": 383, "camera_size": [54, 54], "camera_position": [245, 318], "world_position": [0.5591466768838064, 0.8073936789184812, -0.1740526727751125], "world_orientation": [4.89343255080009e-05, 0.1763984733569538, 0.9843188386913906, -0.0007568559811714108, -0.9843185514125622, 0.17639845950035687, 0.9999997123871864, -0.0007536195400798678, 8.534127523175272e-05], "world_rotation": [0.0, 1.0, 0.0, 0.0]}, {"color": "CVPurple", "id_name": "object38678557722542", "shape": "CVSphere", "id_string": "ob716", "world_size": [0.11, 0.11, 0.11], "id": 716, "camera_size": [45, 45], "camera_position": [256, 254], "world_position": [0.705, 0.6547388572526824, -0.15], "world_orientation": [1.0, -3.838362879530641e-17, 1.4813540171849057e-17, 3.838362879530641e-17, 1.0, 5.294293626938881e-18, -1.4813540171849057e-17, -5.294293626938881e-18, 1.0], "world_rotation": [-0.1276280613210114, 0.35710588544125776, 0.925303444577321, 4.1482206750932463e-17]}], "source": "action wait"}
{"timestamp": 1706068129.736366, "objects": [{"color": "cv_", "id_name": "hand", "shape": "CVCylinder", "id_string": "ob383", "world_size": [0.12, 0.005, 0.12], "id": 383, "camera_size": [54, 53], "camera_position": [245, 292], "world_position": [0.6200273497807117, 0.8141890757094239, -0.17406335768295317], "world_orientation": [7.07402037908199e-05, 0.16925069291121614, 0.9855730302442821, -0.0007641887156509339, -0.9855727357810942, 0.16925069719376765, 0.999999705505672, -0.0007651366169740881, 5.961985345944294e-05], "world_rotation": [0.0, 1.0, 0.0, 0.0]}, {"color": "CVPurple", "id_name": "object38678557722542", "shape": "CVSphere", "id_string": "ob716", "world_size": [0.11, 0.11, 0.11], "id": 716, "camera_size": [45, 45], "camera_position": [256, 254], "world_position": [0.705, 0.6547388572526824, -0.15], "world_orientation": [1.0, -3.838362879530641e-17, 1.4813540171849057e-17, 3.838362879530641e-17, 1.0, 5.294293626938881e-18, -1.4813540171849057e-17, -5.294293626938881e-18, 1.0], "world_rotation": [-0.1276280613210114, 0.35710588544125776, 0.925303444577321, 4.1482206750932463e-17]}], "source": "action wait"}
{"timestamp": 1706068129.769298, "objects": [{"color": "cv_", "id_name": "hand", "shape": "CVCylinder", "id_string": "ob383", "world_size": [0.12, 0.005, 0.12], "id": 383, "camera_size": [53, 53], "camera_position": [245, 264], "world_position": [0.6820991670137192, 0.7968626544031024, -0.1740710219365642], "world_orientation": [6.476274317509669e-05, 0.13696470392310742, 0.9905759262595889, -0.0007772884961418515, -0.9905756222003761, 0.1369647126997749, 0.9999996958141443, -0.000778833482549585, 4.230869412124264e-05], "world_rotation": [0.0, 1.0, 0.0, 0.0]}, {"color": "CVPurple", "id_name": "object38678557722542", "shape": "CVSphere", "id_string": "ob716", "world_size": [0.11, 0.11, 0.11], "id": 716, "camera_size": [45, 45], "camera_position": [256, 254], "world_position": [0.705, 0.6547388572526824, -0.15], "world_orientation": [1.0, -3.838362879530641e-17, 1.4813540171849057e-17, 3.838362879530641e-17, 1.0, 5.294293626938881e-18, -1.4813540171849057e-17, -5.294293626938881e-18, 1.0], "world_rotation": [-0.1276280613210114, 0.35710588544125776, 0.925303444577321, 4.1482206750932463e-17]}], "source": "action wait"}
{"timestamp": 1706068129.801483, "objects": [{"color": "cv_", "id_name": "hand", "shape": "CVCylinder", "id_string": "ob383", "world_size": [0.12, 0.005, 0.12], "id": 383, "camera_size": [52, 52], "camera_position": [245, 240], "world_position": [0.7365450592892511, 0.7673554897093229, -0.17407273127612105], "world_orientation": [3.415689914043341e-05, 0.09624499182038111, 0.9953576745988354, -0.0007770800052125429, -0.9953573720998065, 0.09624498923701544, 0.9999996974899401, -0.0007767599773560773, 4.0791737378360604e-05], "world_rotation": [0.0, 1.0, 0.0, 0.0]}, {"color": "CVPurple", "id_name": "object38678557722542", "shape": "CVSphere", "id_string": "ob716", "world_size": [0.11, 0.11, 0.11], "id": 716, "camera_size": [45, 45], "camera_position": [256, 254], "world_position": [0.705, 0.6547388572526824, -0.15], "world_orientation": [1.0, -3.838362879530641e-17, 1.4813540171849057e-17, 3.838362879530641e-17, 1.0, 5.294293626938881e-18, -1.4813540171849057e-17, -5.294293626938881e-18, 1.0], "world_rotation": [-0.1276280613210114, 0.35710588544125776, 0.925303444577321, 4.1482206750932463e-17]}], "source": "action wait"}
{"timestamp": 1706068129.823608, "objects": [{"color": "cv_", "id_name": "hand", "shape": "CVCylinder", "id_string": "ob383", "world_size": [0.12, 0.005, 0.12], "id": 383, "camera_size": [51, 52], "camera_position": [246, 224], "world_position": [0.7740341291449545, 0.742994105720887, -0.17407415023441564], "world_orientation": [1.0424890617919038e-05, 0.0673684796985027, 0.9977281632962127, -0.0007703780216288918, -0.9977278667423405, 0.06736846772402208, 0.9999997032044688, -0.0007693301574710192, 4.149799223342804e-05], "world_rotation": [0.0, 1.0, 0.0, 0.0]}, {"color": "CVPurple", "id_name": "object38678557722542", "shape": "CVSphere", "id_string": "ob716", "world_size": [0.11, 0.11, 0.11], "id": 716, "camera_size": [45, 45], "camera_position": [256, 254], "world_position": [0.705, 0.6547388572526824, -0.15], "world_orientation": [1.0, -3.838362879530641e-17, 1.4813540171849057e-17, 3.838362879530641e-17, 1.0, 5.294293626938881e-18, -1.4813540171849057e-17, -5.294293626938881e-18, 1.0], "world_rotation": [-0.1276280613210114, 0.35710588544125776, 0.925303444577321, 4.1482206750932463e-17]}], "source": "action wait"}
{"timestamp": 1706068129.857349, "objects": [{"color": "cv_", "id_name": "hand", "shape": "CVCylinder", "id_string": "ob383", "world_size": [0.12, 0.005, 0.12], "id": 383, "camera_size": [51, 51], "camera_position": [246, 214], "world_position": [0.7997933446137132, 0.7241700987243094, -0.17407768857301223], "world_orientation": [-2.232707990873597e-06, 0.04698244048186365, 0.9988957154184732, -0.0007653482253895618, -0.9988954229456721, 0.04698242501489906, 0.9999997071185116, -0.0007643981651093521, 3.8188169240503855e-05], "world_rotation": [0.0, 1.0, 0.0, 0.0]}, {"color": "CVPurple", "id_name": "object38678557722542", "shape": "CVSphere", "id_string": "ob716", "world_size": [0.11, 0.11, 0.11], "id": 716, "camera_size": [45, 45], "camera_position": [256, 254], "world_position": [0.705, 0.6547388572526824, -0.15], "world_orientation": [1.0, -3.838362879530641e-17, 1.4813540171849057e-17, 3.838362879530641e-17, 1.0, 5.294293626938881e-18, -1.4813540171849057e-17, -5.294293626938881e-18, 1.0], "world_rotation": [-0.1276280613210114, 0.35710588544125776, 0.925303444577321, 4.1482206750932463e-17]}], "source": "action wait"}
{"timestamp": 1706068129.892323, "objects": [{"color": "cv_", "id_name": "hand", "shape": "CVCylinder", "id_string": "ob383", "world_size": [0.12, 0.005, 0.12], "id": 383, "camera_size": [49, 50], "camera_position": [246, 207], "world_position": [0.8175720436243581, 0.7101240923335606, -0.17408189516124925], "world_orientation": [-8.42726175596291e-06, 0.032604277840784256, 0.99946833916611, -0.0007622459706294187, -0.9994680490559892, 0.03260426194985878, 0.9999997094549887, -0.0007615659496515861, 3.327525827591218e-05], "world_rotation": [0.0, 1.0, 0.0, 0.0]}, {"color": "CVPurple", "id_name": "object38678557722542", "shape": "CVSphere", "id_string": "ob716", "world_size": [0.11, 0.11, 0.11], "id": 716, "camera_size": [45, 45], "camera_position": [256, 254], "world_position": [0.705, 0.6547388572526824, -0.15], "world_orientation": [1.0, -3.838362879530641e-17, 1.4813540171849057e-17, 3.838362879530641e-17, 1.0, 5.294293626938881e-18, -1.4813540171849057e-17, -5.294293626938881e-18, 1.0], "world_rotation": [-0.1276280613210114, 0.35710588544125776, 0.925303444577321, 4.1482206750932463e-17]}], "source": "action wait"}
{"timestamp": 1706068129.923548, "objects": [{"color": "cv_", "id_name": "hand", "shape": "CVCylinder", "id_string": "ob383", "world_size": [0.12, 0.005, 0.12], "id": 383, "camera_size": [49, 50], "camera_position": [246, 202], "world_position": [0.8298993098924337, 0.6998624279559557, -0.17408601205471794], "world_orientation": [-1.0979566780040845e-05, 0.02246814016656855, 0.999747559415328, -0.0007606521061206187, -0.9997472704404086, 0.022468125318461124, 0.9999997106438695, -0.0007602133963762079, 2.8067230057650082e-05], "world_rotation": [0.0, 1.0, 0.0, 0.0]}, {"color": "CVPurple", "id_name": "object38678557722542", "shape": "CVSphere", "id_string": "ob716", "world_size": [0.11, 0.11, 0.11], "id": 716, "camera_size": [45, 45], "camera_position": [256, 254], "world_position": [0.705, 0.6547388573599159, -0.15], "world_orientation": [1.0, -4.3677922422245204e-17, 1.4222324201809715e-17, 4.3677922422245204e-17, 1.0, 5.294293626938881e-18, -1.4222324201809715e-17, -5.294293626938881e-18, 1.0], "world_rotation": [-0.11449791446222708, 0.3075814404450427, 0.9446077943133612, 4.6239214502771326e-17]}], "source": "action wait"}
{"timestamp": 1706068130.002165, "objects": [{"color": "cv_", "id_name": "hand", "shape": "CVCylinder", "id_string": "ob383", "world_size": [0.12, 0.005, 0.12], "id": 383, "camera_size": [49, 49], "camera_position": [246, 197], "world_position": [0.8444751088986747, 0.6871778460987809, -0.17409281135536173], "world_orientation": [-1.117791258816085e-05, 0.010289196049349114, 0.9999470647587864, -0.0007600504421082751, -0.9999467760855812, 0.01028918458274995, 0.9999997110991482, -0.0007598951970492694, 1.8997625662512516e-05], "world_rotation": [0.0, 1.0, 0.0, 0.0]}, {"color": "CVPurple", "id_name": "object38678557722542", "shape": "CVSphere", "id_string": "ob716", "world_size": [0.11, 0.11, 0.11], "id": 716, "camera_size": [45, 45], "camera_position": [256, 254], "world_position": [0.705, 0.6547388573599159, -0.15], "world_orientation": [1.0, -4.3677922422245204e-17, 1.4222324201809715e-17, 4.3677922422245204e-17, 1.0, 5.294293626938881e-18, -1.4222324201809715e-17, -5.294293626938881e-18, 1.0], "world_rotation": [-0.11449791446222708, 0.3075814404450427, 0.9446077943133612, 4.6239214502771326e-17]}], "source": "action wait"}
{"timestamp": 1706068130.030807, "objects": [{"color": "cv_", "id_name": "hand", "shape": "CVCylinder", "id_string": "ob383", "world_size": [0.12, 0.005, 0.12], "id": 383, "camera_size": [49, 49], "camera_position": [246, 195], "world_position": [0.8486720908128741, 0.6834206380150061, -0.174095370500229], "world_orientation": [-1.0350421736990717e-05, 0.006740972198537965, 0.9999772793352294, -0.0007603428547484971, -0.9999769903877417, 0.006740962380658966, 0.9999997108857642, -0.0007602558074501926, 1.5475633623383098e-05], "world_rotation": [0.0, 1.0, 0.0, 0.0]}, {"color": "CVPurple", "id_name": "object38678557722542", "shape": "CVSphere", "id_string": "ob716", "world_size": [0.11, 0.11, 0.11], "id": 716, "camera_size": [45, 45], "camera_position": [256, 254], "world_position": [0.705, 0.6547388573599159, -0.15], "world_orientation": [1.0, -4.3677922422245204e-17, 1.4222324201809715e-17, 4.3677922422245204e-17, 1.0, 5.294293626938881e-18, -1.4222324201809715e-17, -5.294293626938881e-18, 1.0], "world_rotation": [-0.11449791446222708, 0.3075814404450427, 0.9446077943133612, 4.6239214502771326e-17]}], "source": "action wait"}
{"timestamp": 1706068130.063652, "objects": [{"color": "cv_", "id_name": "hand", "shape": "CVCylinder", "id_string": "ob383", "world_size": [0.12, 0.005, 0.12], "id": 383, "camera_size": [49, 49], "camera_position": [246, 194], "world_position": [0.8516164390203973, 0.6807605555486542, -0.1740974216925768], "world_orientation": [-9.384862295224806e-06, 0.004240398611395945, 0.9999910094253553, -0.0007607559826009149, -0.9999907201273945, 0.004240390244992266, 0.9999997105810878, -0.0007607093474892933, 1.2610683817496305e-05], "world_rotation": [0.0, 1.0, 0.0, 0.0]}, {"color": "CVPurple", "id_name": "object38678557722542", "shape": "CVSphere", "id_string": "ob716", "world_size": [0.11, 0.11, 0.11], "id": 716, "camera_size": [45, 45], "camera_position": [256, 254], "world_position": [0.705, 0.6547388573599159, -0.15], "world_orientation": [1.0, -4.3677922422245204e-17, 1.4222324201809715e-17, 4.3677922422245204e-17, 1.0, 5.294293626938881e-18, -1.4222324201809715e-17, -5.294293626938881e-18, 1.0], "world_rotation": [-0.11449791446222708, 0.3075814404450427, 0.9446077943133612, 4.6239214502771326e-17]}], "source": "action wait"}
{"timestamp": 1706068130.094228, "objects": [{"color": "cv_", "id_name": "hand", "shape": "CVCylinder", "id_string": "ob383", "world_size": [0.12, 0.005, 0.12], "id": 383, "camera_size": [49, 49], "camera_position": [246, 194], "world_position": [0.8536849362405508, 0.6788818624211016, -0.17409903874316712], "world_orientation": [-8.44986355985284e-06, 0.0024781074998089627, 0.9999969294511957, -0.0007611874483014864, -0.9999966398005163, 0.002478100350071853, 0.9999997102610924, -0.000761164171428815, 1.0336139491386872e-05], "world_rotation": [0.0, 1.0, 0.0, 0.0]}, {"color": "CVPurple", "id_name": "object38678557722542", "shape": "CVSphere", "id_string": "ob716", "world_size": [0.11, 0.11, 0.11], "id": 716, "camera_size": [45, 45], "camera_position": [256, 254], "world_position": [0.705, 0.6547388573599159, -0.15], "world_orientation": [1.0, -4.3677922422245204e-17, 1.4222324201809715e-17, 4.3677922422245204e-17, 1.0, 5.294293626938881e-18, -1.4222324201809715e-17, -5.294293626938881e-18, 1.0], "world_rotation": [-0.11449791446222708, 0.3075814404450427, 0.9446077943133612, 4.6239214502771326e-17]}], "source": "action wait"}
{"timestamp": 1706068130.124643, "objects": [{"color": "cv_", "id_name": "hand", "shape": "CVCylinder", "id_string": "ob383", "world_size": [0.12, 0.005, 0.12], "id": 383, "camera_size": [49, 49], "camera_position": [246, 193], "world_position": [0.855139631680664, 0.677557147920891, -0.17410029784056935], "world_orientation": [-7.612276641582694e-06, 0.0012360892450399153, 0.9999992360124241, -0.0007615848723188985, -0.999998946042984, 0.0012360830892127206, 0.9999997099652257, -0.0007615748810714176, 8.553655488793994e-06], "world_rotation": [0.0, 1.0, 0.0, 0.0]}, {"color": "CVPurple", "id_name": "object38678557722542", "shape": "CVSphere", "id_string": "ob716", "world_size": [0.11, 0.11, 0.11], "id": 716, "camera_size": [45, 45], "camera_position": [256, 254], "world_position": [0.705, 0.6547388573599159, -0.15], "world_orientation": [1.0, -4.3677922422245204e-17, 1.4222324201809715e-17, 4.3677922422245204e-17, 1.0, 5.294293626938881e-18, -1.4222324201809715e-17, -5.294293626938881e-18, 1.0], "world_rotation": [-0.11449791446222708, 0.3075814404450427, 0.9446077943133612, 4.6239214502771326e-17]}], "source": "action wait"}
{"timestamp": 1706068130.151125, "objects": [{"color": "cv_", "id_name": "hand", "shape": "CVCylinder", "id_string": "ob383", "world_size": [0.12, 0.005, 0.12], "id": 383, "camera_size": [49, 49], "camera_position": [246, 193], "world_position": [0.8561634422597192, 0.676624004191663, -0.1741012688831353], "world_orientation": [-6.89816830457474e-06, 0.0003607193163717444, 0.9999999349169929, -0.0007619262942610398, -0.999999644676819, 0.00036071395578066937, 0.9999997097103266, -0.0007619237564073364, 7.1730073858518676e-06], "world_rotation": [0.0, 1.0, 0.0, 0.0]}, {"color": "CVPurple", "id_name": "object38678557722542", "shape": "CVSphere", "id_string": "ob716", "world_size": [0.11, 0.11, 0.11], "id": 716, "camera_size": [45, 45], "camera_position": [256, 254], "world_position": [0.705, 0.6547388573599159, -0.15], "world_orientation": [1.0, -4.3677922422245204e-17, 1.4222324201809715e-17, 4.3677922422245204e-17, 1.0, 5.294293626938881e-18, -1.4222324201809715e-17, -5.294293626938881e-18, 1.0], "world_rotation": [-0.11449791446222708, 0.3075814404450427, 0.9446077943133612, 4.6239214502771326e-17]}], "source": "action wait"}
{"timestamp": 1706068130.186267, "objects": [{"color": "cv_", "id_name": "hand", "shape": "CVCylinder", "id_string": "ob383", "world_size": [0.12, 0.005, 0.12], "id": 383, "camera_size": [49, 49], "camera_position": [246, 192], "world_position": [0.8568843981537798, 0.6759670920864677, -0.17410201209683288], "world_orientation": [-6.308920087325223e-06, -0.000256257119264372, 0.9999999671462427, -0.0007622068465079129, -0.9999996766852405, -0.0002562618535335044, 0.9999997095004183, -0.0007622084382024391, 6.113597117152973e-06], "world_rotation": [0.0, 1.0, 0.0, 0.0]}, {"color": "CVPurple", "id_name": "object38678557722542", "shape": "CVSphere", "id_string": "ob716", "world_size": [0.11, 0.11, 0.11], "id": 716, "camera_size": [45, 45], "camera_position": [256, 254], "world_position": [0.705, 0.6547388573599159, -0.15], "world_orientation": [1.0, -4.3677922422245204e-17, 1.4222324201809715e-17, 4.3677922422245204e-17, 1.0, 5.294293626938881e-18, -1.4222324201809715e-17, -5.294293626938881e-18, 1.0], "world_rotation": [-0.11449791446222708, 0.3075814404450427, 0.9446077943133612, 4.6239214502771326e-17]}], "source": "action wait"}
{"timestamp": 1706068130.224828, "objects": [{"color": "cv_", "id_name": "hand", "shape": "CVCylinder", "id_string": "ob383", "world_size": [0.12, 0.005, 0.12], "id": 383, "camera_size": [49, 49], "camera_position": [246, 192], "world_position": [0.8573922939773773, 0.67550480102289, -0.17410257741885757], "world_orientation": [-5.833897350888674e-06, -0.0006911259902917718, 0.999999761155387, -0.0007624303901326513, -0.9999994705193076, -0.0006911302373669434, 0.9999997093328908, -0.0007624342400134541, 5.3069588039078795e-06], "world_rotation": [0.0, 1.0, 0.0, 0.0]}, {"color": "CVPurple", "id_name": "object38678557722542", "shape": "CVSphere", "id_string": "ob716", "world_size": [0.11, 0.11, 0.11], "id": 716, "camera_size": [45, 45], "camera_position": [256, 254], "world_position": [0.705, 0.6547388573599159, -0.15], "world_orientation": [1.0, -4.3677922422245204e-17, 1.4222324201809715e-17, 4.3677922422245204e-17, 1.0, 5.294293626938881e-18, -1.4222324201809715e-17, -5.294293626938881e-18, 1.0], "world_rotation": [-0.11449791446222708, 0.3075814404450427, 0.9446077943133612, 4.6239214502771326e-17]}], "source": "action wait"}
{"timestamp": 1706068130.265968, "objects": [{"color": "cv_", "id_name": "hand", "shape": "CVCylinder", "id_string": "ob383", "world_size": [0.12, 0.005, 0.12], "id": 383, "camera_size": [49, 49], "camera_position": [246, 192], "world_position": [0.8577502013046976, 0.675179525031549, -0.174103005209963], "world_orientation": [-5.457543083129893e-06, -0.0009976468863019973, 0.9999995023353289, -0.000762604547102176, -0.999999211563324, -0.0009976507581629802, 0.9999997092022178, -0.0007626096123031689, 4.69672872867058e-06], "world_rotation": [0.0, 1.0, 0.0, 0.0]}, {"color": "CVPurple", "id_name": "object38678557722542", "shape": "CVSphere", "id_string": "ob716", "world_size": [0.11, 0.11, 0.11], "id": 716, "camera_size": [45, 45], "camera_position": [256, 254], "world_position": [0.705, 0.6547388573599159, -0.15], "world_orientation": [1.0, -4.3677922422245204e-17, 1.4222324201809715e-17, 4.3677922422245204e-17, 1.0, 5.294293626938881e-18, -1.4222324201809715e-17, -5.294293626938881e-18, 1.0], "world_rotation": [-0.11449791446222708, 0.3075814404450427, 0.9446077943133612, 4.6239214502771326e-17]}], "source": "action wait"}
{"timestamp": 1706068130.297166, "objects": [{"color": "cv_", "id_name": "hand", "shape": "CVCylinder", "id_string": "ob383", "world_size": [0.12, 0.005, 0.12], "id": 383, "camera_size": [49, 49], "camera_position": [246, 192], "world_position": [0.8580024696012011, 0.6749506654358827, -0.1741033275067226], "world_orientation": [-5.16330908598147e-06, -0.0012137062044553523, 0.9999992634450234, -0.0007627379324226453, -0.9999989725691687, -0.001213709789671683, 0.9999997091020512, -0.0007627436373833921, 4.237564020447456e-06], "world_rotation": [0.0, 1.0, 0.0, 0.0]}, {"color": "CVPurple", "id_name": "object38678557722542", "shape": "CVSphere", "id_string": "ob716", "world_size": [0.11, 0.11, 0.11], "id": 716, "camera_size": [45, 45], "camera_position": [256, 254], "world_position": [0.705, 0.6547388573599159, -0.15], "world_orientation": [1.0, -4.3677922422245204e-17, 1.4222324201809715e-17, 4.3677922422245204e-17, 1.0, 5.294293626938881e-18, -1.4222324201809715e-17, -5.294293626938881e-18, 1.0], "world_rotation": [-0.11449791446222708, 0.3075814404450427, 0.9446077943133612, 4.6239214502771326e-17]}], "source": "action wait"}
{"timestamp": 1706068132.206994, "objects": [{"color": "cv_", "id_name": "hand", "shape": "CVCylinder", "id_string": "ob383", "world_size": [0.12, 0.005, 0.12], "id": 383, "camera_size": [49, 49], "camera_position": [246, 192], "world_position": [0.858605614652937, 0.6744068941452331, -0.17410426867879386], "world_orientation": [-4.231444658342326e-06, -0.0017298522340031825, 0.9999985037955524, -0.0007631196986871867, -0.9999982126234752, -0.0017298549594210125, 0.9999997088151679, -0.0007631258766899925, 2.9113527799352456e-06], "world_rotation": [0.0, 1.0, 0.0, 0.0]}, {"color": "CVPurple", "id_name": "object38678557722542", "shape": "CVSphere", "id_string": "ob716", "world_size": [0.11, 0.11, 0.11], "id": 716, "camera_size": [45, 45], "camera_position": [256, 254], "world_position": [0.705, 0.6547388573599159, -0.15], "world_orientation": [1.0, -4.3677922422245204e-17, 1.4222324201809715e-17, 4.3677922422245204e-17, 1.0, 5.294293626938881e-18, -1.4222324201809715e-17, -5.294293626938881e-18, 1.0], "world_rotation": [-0.11449791446222708, 0.3075814404450427, 0.9446077943133612, 4.6239214502771326e-17]}], "source": "action wait"}
{"timestamp": 1706068132.235074, "objects": [{"color": "cv_", "id_name": "hand", "shape": "CVCylinder", "id_string": "ob383", "world_size": [0.12, 0.005, 0.12], "id": 383, "camera_size": [48, 48], "camera_position": [246, 205], "world_position": [0.8261730191348486, 0.6613864990178716, -0.1740884777196736], "world_orientation": [-4.619160519397589e-05, -0.022826053558656075, 0.9997394506296493, -0.000760195118720328, -0.9997391620216084, -0.022826082092940528, 0.9999997099848166, -0.0007610514237333373, 2.8827302174475153e-05], "world_rotation": [0.0, 1.0, 0.0, 0.0]}, {"color": "CVPurple", "id_name": "object38678557722542", "shape": "CVSphere", "id_string": "ob716", "world_size": [0.11, 0.11, 0.11], "id": 716, "camera_size": [45, 45], "camera_position": [256, 254], "world_position": [0.705, 0.6547388573599159, -0.15], "world_orientation": [1.0, -4.3677922422245204e-17, 1.4222324201809715e-17, 4.3677922422245204e-17, 1.0, 5.294293626938881e-18, -1.4222324201809715e-17, -5.294293626938881e-18, 1.0], "world_rotation": [-0.11449791446222708, 0.3075814404450427, 0.9446077943133612, 4.6239214502771326e-17]}], "source": "action wait"}
{"timestamp": 1706068132.266488, "objects": [{"color": "cv_", "id_name": "hand", "shape": "CVCylinder", "id_string": "ob383", "world_size": [0.12, 0.005, 0.12], "id": 383, "camera_size": [49, 49], "camera_position": [246, 219], "world_position": [0.791998034226136, 0.6681320509235936, -0.17410734659907584], "world_orientation": [-3.448618502418949e-05, -0.01662280379793325, 0.9998618310569708, -0.000758200440439817, -0.9998615438226122, -0.01662282517368666, 0.9999997119713562, -0.0007586689385113, 2.1877993038270538e-05], "world_rotation": [0.0, 1.0, 0.0, 0.0]}, {"color": "CVPurple", "id_name": "object38678557722542", "shape": "CVSphere", "id_string": "ob716", "world_size": [0.11, 0.11, 0.11], "id": 716, "camera_size": [45, 47], "camera_position": [256, 264], "world_position": [0.6810019717526798, 0.6561644389833641, -0.15000890558390187], "world_orientation": [0.9995515886098584, -0.029942987686836064, 0.00019797953041883205, 0.029942991012641418, 0.9995516080209388, -1.3855413627407628e-05, -0.0001974758855057324, 1.9777300002139888e-05, 0.9999999803060665], "world_rotation": [0.0005616001573106239, 0.0066033275292262375, 0.9999780400942838, 0.029948123404527235]}], "source": "action wait"}
{"timestamp": 1706068132.299934, "objects": [{"color": "cv_", "id_name": "hand", "shape": "CVCylinder", "id_string": "ob383", "world_size": [0.12, 0.005, 0.12], "id": 383, "camera_size": [49, 49], "camera_position": [246, 229], "world_position": [0.7673587593874172, 0.6715387121587229, -0.17411019310405687], "world_orientation": [-1.803261113371104e-05, -0.012175253101550017, 0.9999258786963853, -0.000761974673460804, -0.9999255884104419, -0.01217526330839438, 0.9999997095346688, -0.0007621377466937384, 8.754034792446823e-06], "world_rotation": [0.0, 1.0, 0.0, 0.0]}, {"color": "CVPurple", "id_name": "object38678557722542", "shape": "CVSphere", "id_string": "ob716", "world_size": [0.11, 0.11, 0.11], "id": 716, "camera_size": [45, 48], "camera_position": [256, 282], "world_position": [0.6363360055560282, 0.6568549042967952, -0.15002910253101012], "world_orientation": [0.9991056584780958, -0.042279422454707366, 0.0005776105497772807, 0.04227943446962333, 0.9991058248989209, -8.600940822451398e-06, -0.0005767304219950088, 3.3014296032219e-05, 0.9999998331460244], "world_rotation": [0.0004920993044133736, 0.013650057820138305, 0.9999067125286144, 0.04229598274396916]}], "source": "action wait"}
{"timestamp": 1706068132.32781, "objects": [{"color": "cv_", "id_name": "hand", "shape": "CVCylinder", "id_string": "ob383", "world_size": [0.12, 0.005, 0.12], "id": 383, "camera_size": [49, 49], "camera_position": [246, 236], "world_position": [0.7499291779900593, 0.6731794546115811, -0.17411096592974482], "world_orientation": [-8.596078955516911e-06, -0.009054854452037731, 0.9999590039281411, -0.0007634467455065263, -0.9999587124921002, -0.0090548583759358, 0.9999997085375447, -0.0007634932834667785, 1.6828248827486182e-06], "world_rotation": [0.0, 1.0, 0.0, 0.0]}, {"color": "CVPurple", "id_name": "object38678557722542", "shape": "CVSphere", "id_string": "ob716", "world_size": [0.11, 0.11, 0.11], "id": 716, "camera_size": [45, 48], "camera_position": [256, 298], "world_position": [0.5959152088135781, 0.6543622754971862, -0.1500515439234996], "world_orientation": [0.999987200442667, 0.00496744790903017, 0.0009609433429879828, -0.004967440719387928, 0.9999876621415452, -9.86844376856731e-06, -0.0009609805079853974, 5.09488836587302e-06, 0.9999995382451461], "world_rotation": [0.0014787227764091041, 0.18993046117161072, -0.9817964316996115, 0.005059567694150916]}], "source": "action wait"}
{"timestamp": 1706068132.363699, "objects": [{"color": "cv_", "id_name": "hand", "shape": "CVCylinder", "id_string": "ob383", "world_size": [0.12, 0.005, 0.12], "id": 383, "camera_size": [49, 49], "camera_position": [246, 241], "world_position": [0.7376347396588308, 0.6739625534240263, -0.17411082172461265], "world_orientation": [-3.5812549318842673e-06, -0.006864931130147238, 0.9999764360762473, -0.0007638613190081275, -0.9999761443286548, -0.006864931862919134, 0.9999997082514874, -0.0007638679045097075, -1.6626858489673903e-06], "world_rotation": [0.0, 1.0, 0.0, 0.0]}, {"color": "CVPurple", "id_name": "object38678557722542", "shape": "CVSphere", "id_string": "ob716", "world_size": [0.11, 0.11, 0.11], "id": 716, "camera_size": [45, 49], "camera_position": [256, 310], "world_position": [0.5675207208473919, 0.6551248201552459, -0.15005140906327777], "world_orientation": [0.9999473314859958, -0.010217872810604751, 0.0009640172521022741, 0.01021787828096453, 0.9999477961188142, -7.494810079041386e-07, -0.0009639592685585716, 1.0599652476585703e-05, 0.99999953533498], "world_rotation": [0.000552901578753894, 0.09392622472285059, 0.99557900671376, 0.01026342948925835]}], "source": "action wait"}
{"timestamp": 1706068132.397205, "objects": [{"color": "cv_", "id_name": "hand", "shape": "CVCylinder", "id_string": "ob383", "world_size": [0.12, 0.005, 0.12], "id": 383, "camera_size": [49, 49], "camera_position": [246, 244], "world_position": [0.7289730660405854, 0.674332769876924, -0.17411022882980823], "world_orientation": [-1.1888556783085926e-06, -0.005327200019579864, 0.9999858103685964, -0.0007638594617423228, -0.9999855186279237, -0.00532719937352805, 0.9999997082586121, -0.0007638549561297124, -2.8803936771339704e-06], "world_rotation": [0.0, 1.0, 0.0, 0.0]}, {"color": "CVPurple", "id_name": "object38678557722542", "shape": "CVSphere", "id_string": "ob716", "world_size": [0.11, 0.11, 0.11], "id": 716, "camera_size": [45, 48], "camera_position": [256, 318], "world_position": [0.5460669137598522, 0.654649590275, -0.15005221661444917], "world_orientation": [0.9999974130351851, -0.0020581329577453043, 0.000968510023561273, 0.002058132568419518, 0.9999978820419446, 1.3986463899982068e-06, -0.0009685108508978982, 5.946792505895375e-07, 0.999999530993079], "world_rotation": [-0.0001767251332495995, 0.425788885349014, 0.9048225206533442, 0.0022746278865501]}], "source": "action wait"}
{"timestamp": 1706068132.42963, "objects": [{"color": "cv_", "id_name": "hand", "shape": "CVCylinder", "id_string": "ob383", "world_size": [0.12, 0.005, 0.12], "id": 383, "camera_size": [49, 49], "camera_position": [246, 247], "world_position": [0.7228739530953817, 0.6745059520455317, -0.1741094578552669], "world_orientation": [-2.949343831136414e-07, -0.004246965311336836, 0.999990981602113, -0.0007637242429455036, -0.9999906899664278, -0.004246964298009245, 0.9999997083625545, -0.0007637186079525609, -2.9485787295934997e-06], "world_rotation": [0.0, 1.0, 0.0, 0.0]}, {"color": "CVPurple", "id_name": "object38678557722542", "shape": "CVSphere", "id_string": "ob716", "world_size": [0.11, 0.11, 0.11], "id": 716, "camera_size": [45, 49], "camera_position": [256, 323], "world_position": [0.5337066329554566, 0.6541953865368915, -0.15005281766851425], "world_orientation": [0.9999773494290826, 0.006660280893766352, 0.0009701995684820009, -0.006660286123339016, 0.999977820046071, 2.159362818396862e-06, -0.000970163667537348, -8.62112063041295e-06, 0.9999995293539565], "world_rotation": [-0.0008008588646435703, 0.14414539993251785, -0.9895561946162398, 0.006730627155571973]}], "source": "action wait"}
