{"timestamp": 1709222637.713347, "objects": [{"color": "cv_", "id_name": "hand", "shape": "CVCylinder", "id_string": "ob382", "world_size": [0.12, 0.005, 0.12], "id": 382, "camera_size": [48, 50], "camera_position": [246, 426], "world_position": [0.26764451554003216, 0.6334703013847309, -0.17389260400847453], "world_orientation": [-0.0006415491586755152, 0.19791547486654654, 0.9802188802624782, -0.0007473671228105718, -0.9802189031249408, 0.19791499033403767, 0.9999995149284129, -0.0006056111687285769, 0.0007767741316287706], "world_rotation": [0.0, 1.0, 0.0, 0.0]}, {"color": "CVYellow", "id_name": "object167824423218991", "shape": "CVCone", "id_string": "ob428", "world_size": [0.11, 0.11, 0.11], "id": 428, "camera_size": [45, 45], "camera_position": [256, 254], "world_position": [0.705, 0.654738849708696, -0.15], "world_orientation": [1.0, -5.1619362862653347e-17, 1.4541359828532488e-17, 5.1619362862653347e-17, 1.0, 2.3824321321224633e-17, -1.4541359828532488e-17, -2.3824321321224633e-17, 1.0], "world_rotation": [-0.4059884517598224, 0.2477982093873522, 0.8796416454796148, 5.868226354211375e-17]}], "source": "manual check"}
{"timestamp": 1709222638.732833, "objects": [{"color": "cv_", "id_name": "hand", "shape": "CVCylinder", "id_string": "ob382", "world_size": [0.12, 0.005, 0.12], "id": 382, "camera_size": [48, 50], "camera_position": [246, 426], "world_position": [0.26764451554003216, 0.6334703013847309, -0.17389260400847453], "world_orientation": [-0.0006415491586755152, 0.19791547486654654, 0.9802188802624782, -0.0007473671228105718, -0.9802189031249408, 0.19791499033403767, 0.9999995149284129, -0.0006056111687285769, 0.0007767741316287706], "world_rotation": [0.0, 1.0, 0.0, 0.0]}, {"color": "CVYellow", "id_name": "object167824423218991", "shape": "CVCone", "id_string": "ob428", "world_size": [0.11, 0.11, 0.11], "id": 428, "camera_size": [45, 45], "camera_position": [256, 254], "world_position": [0.705, 0.6547388572526824, -0.15], "world_orientation": [1.0, -3.838362879530641e-17, 1.4813540171849057e-17, 3.838362879530641e-17, 1.0, 5.294293626938881e-18, -1.4813540171849057e-17, -5.294293626938881e-18, 1.0], "world_rotation": [-0.1276280613210114, 0.35710588544125776, 0.925303444577321, 4.1482206750932463e-17]}], "source": "manual check"}
{"timestamp": 1709222640.924243, "objects": [{"color": "cv_", "id_name": "hand", "shape": "CVCylinder", "id_string": "ob382", "world_size": [0.12, 0.005, 0.12], "id": 382, "camera_size": [48, 50], "camera_position": [246, 426], "world_position": [0.26764451554003216, 0.6334703013847309, -0.17389260400847453], "world_orientation": [-0.0006415491586755152, 0.19791547486654654, 0.9802188802624782, -0.0007473671228105718, -0.9802189031249408, 0.19791499033403767, 0.9999995149284129, -0.0006056111687285769, 0.0007767741316287706], "world_rotation": [0.0, 1.0, 0.0, 0.0]}, {"color": "CVYellow", "id_name": "object167824423218991", "shape": "CVCone", "id_string": "ob428", "world_size": [0.11, 0.11, 0.11], "id": 428, "camera_size": [45, 45], "camera_position": [256, 254], "world_position": [0.705, 0.6547388572526824, -0.15], "world_orientation": [1.0, -3.838362879530641e-17, 1.4813540171849057e-17, 3.838362879530641e-17, 1.0, 5.294293626938881e-18, -1.4813540171849057e-17, -5.294293626938881e-18, 1.0], "world_rotation": [-0.1276280613210114, 0.35710588544125776, 0.925303444577321, 4.1482206750932463e-17]}], "source": "action wait"}
{"timestamp": 1709222640.954596, "objects": [{"color": "cv_", "id_name": "hand", "shape": "CVCylinder", "id_string": "ob382", "world_size": [0.12, 0.005, 0.12], "id": 382, "camera_size": [49, 51], "camera_position": [246, 421], "world_position": [0.2916596924271037, 0.6683034195508657, -0.17395584235502662], "world_orientation": [-0.0003788383958770246, 0.20323631026448036, 0.9791296434443959, -0.0007138442631985941, -0.979129519198149, 0.20323600827897095, 0.9999996734538655, -0.0006219524755398921, 0.0005160109305652488], "world_rotation": [0.0, 1.0, 0.0, 0.0]}, {"color": "CVYellow", "id_name": "object167824423218991", "shape": "CVCone", "id_string": "ob428", "world_size": [0.11, 0.11, 0.11], "id": 428, "camera_size": [45, 45], "camera_position": [256, 254], "world_position": [0.705, 0.6547388572526824, -0.15], "world_orientation": [1.0, -3.838362879530641e-17, 1.4813540171849057e-17, 3.838362879530641e-17, 1.0, 5.294293626938881e-18, -1.4813540171849057e-17, -5.294293626938881e-18, 1.0], "world_rotation": [-0.1276280613210114, 0.35710588544125776, 0.925303444577321, 4.1482206750932463e-17]}], "source": "action wait"}
{"timestamp": 1709222640.987843, "objects": [{"color": "cv_", "id_name": "hand", "shape": "CVCylinder", "id_string": "ob382", "world_size": [0.12, 0.005, 0.12], "id": 382, "camera_size": [51, 52], "camera_position": [246, 406], "world_position": [0.3380838450009731, 0.70686251681069, -0.17398360170937577], "world_orientation": [-0.0002162066659148086, 0.19547823420145938, 0.9807080162862731, -0.0007297166819267793, -0.9807078089416454, 0.19547803199961236, 0.999999710384079, -0.0006733753460254782, 0.00035467929405871363], "world_rotation": [0.0, 1.0, 0.0, 0.0]}, {"color": "CVYellow", "id_name": "object167824423218991", "shape": "CVCone", "id_string": "ob428", "world_size": [0.11, 0.11, 0.11], "id": 428, "camera_size": [45, 45], "camera_position": [256, 254], "world_position": [0.705, 0.6547388572526824, -0.15], "world_orientation": [1.0, -3.838362879530641e-17, 1.4813540171849057e-17, 3.838362879530641e-17, 1.0, 5.294293626938881e-18, -1.4813540171849057e-17, -5.294293626938881e-18, 1.0], "world_rotation": [-0.1276280613210114, 0.35710588544125776, 0.925303444577321, 4.1482206750932463e-17]}], "source": "action wait"}
{"timestamp": 1709222641.025659, "objects": [{"color": "cv_", "id_name": "hand", "shape": "CVCylinder", "id_string": "ob382", "world_size": [0.12, 0.005, 0.12], "id": 382, "camera_size": [51, 53], "camera_position": [246, 388], "world_position": [0.38892779093461044, 0.7404471442324745, -0.1740041641971753], "world_orientation": [-0.00011047604285181655, 0.189932391600723, 0.9817971656181707, -0.0007407007133081316, -0.9817969178262381, 0.18993226031760024, 0.9999997195787094, -0.0007062348963677785, 0.00024914809630495455], "world_rotation": [0.0, 1.0, 0.0, 0.0]}, {"color": "CVYellow", "id_name": "object167824423218991", "shape": "CVCone", "id_string": "ob428", "world_size": [0.11, 0.11, 0.11], "id": 428, "camera_size": [45, 45], "camera_position": [256, 254], "world_position": [0.705, 0.6547388572526824, -0.15], "world_orientation": [1.0, -3.838362879530641e-17, 1.4813540171849057e-17, 3.838362879530641e-17, 1.0, 5.294293626938881e-18, -1.4813540171849057e-17, -5.294293626938881e-18, 1.0], "world_rotation": [-0.1276280613210114, 0.35710588544125776, 0.925303444577321, 4.1482206750932463e-17]}], "source": "action wait"}
{"timestamp": 1709222641.063833, "objects": [{"color": "cv_", "id_name": "hand", "shape": "CVCylinder", "id_string": "ob382", "world_size": [0.12, 0.005, 0.12], "id": 382, "camera_size": [52, 53], "camera_position": [245, 367], "world_position": [0.44324697160321386, 0.7686816119573902, -0.17402274384223274], "world_orientation": [-3.60534811930581e-05, 0.18601580471786922, 0.9825467516079375, -0.0007479406541388694, -0.9825464824367545, 0.18601572631349997, 0.9999997196424228, -0.000728180145629697, 0.00017455300378711565], "world_rotation": [0.0, 1.0, 0.0, 0.0]}, {"color": "CVYellow", "id_name": "object167824423218991", "shape": "CVCone", "id_string": "ob428", "world_size": [0.11, 0.11, 0.11], "id": 428, "camera_size": [45, 45], "camera_position": [256, 254], "world_position": [0.705, 0.6547388572526824, -0.15], "world_orientation": [1.0, -3.838362879530641e-17, 1.4813540171849057e-17, 3.838362879530641e-17, 1.0, 5.294293626938881e-18, -1.4813540171849057e-17, -5.294293626938881e-18, 1.0], "world_rotation": [-0.1276280613210114, 0.35710588544125776, 0.925303444577321, 4.1482206750932463e-17]}], "source": "action wait"}
{"timestamp": 1709222641.101796, "objects": [{"color": "cv_", "id_name": "hand", "shape": "CVCylinder", "id_string": "ob382", "world_size": [0.12, 0.005, 0.12], "id": 382, "camera_size": [53, 54], "camera_position": [245, 343], "world_position": [0.5003733556484914, 0.7912843085001375, -0.17403895470852854], "world_orientation": [1.6240863041044568e-05, 0.18324919313935487, 0.9830664946736867, -0.0007527985305918997, -0.9830662140082168, 0.18324915325840788, 0.9999997165152632, -0.0007430271370652122, 0.00012198387958589689], "world_rotation": [0.0, 1.0, 0.0, 0.0]}, {"color": "CVYellow", "id_name": "object167824423218991", "shape": "CVCone", "id_string": "ob428", "world_size": [0.11, 0.11, 0.11], "id": 428, "camera_size": [45, 45], "camera_position": [256, 254], "world_position": [0.705, 0.6547388572526824, -0.15], "world_orientation": [1.0, -3.838362879530641e-17, 1.4813540171849057e-17, 3.838362879530641e-17, 1.0, 5.294293626938881e-18, -1.4813540171849057e-17, -5.294293626938881e-18, 1.0], "world_rotation": [-0.1276280613210114, 0.35710588544125776, 0.925303444577321, 4.1482206750932463e-17]}], "source": "action wait"}
{"timestamp": 1709222641.125675, "objects": [{"color": "cv_", "id_name": "hand", "shape": "CVCylinder", "id_string": "ob382", "world_size": [0.12, 0.005, 0.12], "id": 382, "camera_size": [54, 54], "camera_position": [245, 318], "world_position": [0.5596505459706121, 0.8080243407458282, -0.1740526479895863], "world_orientation": [5.284646011660398e-05, 0.1812935085751514, 0.9834290319874449, -0.0007561213012725542, -0.9834287449937131, 0.1812934962999737, 0.9999997127438734, -0.0007531723588974613, 8.51091556667025e-05], "world_rotation": [0.0, 1.0, 0.0, 0.0]}, {"color": "CVYellow", "id_name": "object167824423218991", "shape": "CVCone", "id_string": "ob428", "world_size": [0.11, 0.11, 0.11], "id": 428, "camera_size": [45, 45], "camera_position": [256, 254], "world_position": [0.705, 0.6547388572526824, -0.15], "world_orientation": [1.0, -3.838362879530641e-17, 1.4813540171849057e-17, 3.838362879530641e-17, 1.0, 5.294293626938881e-18, -1.4813540171849057e-17, -5.294293626938881e-18, 1.0], "world_rotation": [-0.1276280613210114, 0.35710588544125776, 0.925303444577321, 4.1482206750932463e-17]}], "source": "action wait"}
{"timestamp": 1709222641.15785, "objects": [{"color": "cv_", "id_name": "hand", "shape": "CVCylinder", "id_string": "ob382", "world_size": [0.12, 0.005, 0.12], "id": 382, "camera_size": [54, 54], "camera_position": [245, 291], "world_position": [0.6205785696292337, 0.8141844785693944, -0.1740632572435449], "world_orientation": [7.422569195819086e-05, 0.1734154696017108, 0.9848487545777599, -0.0007643190868891393, -0.9848484597862005, 0.17341547529872434, 0.9999997051533966, -0.000765610584473393, 5.944369497726357e-05], "world_rotation": [0.0, 1.0, 0.0, 0.0]}, {"color": "CVYellow", "id_name": "object167824423218991", "shape": "CVCone", "id_string": "ob428", "world_size": [0.11, 0.11, 0.11], "id": 428, "camera_size": [45, 45], "camera_position": [256, 254], "world_position": [0.705, 0.6547388572526824, -0.15], "world_orientation": [1.0, -3.838362879530641e-17, 1.4813540171849057e-17, 3.838362879530641e-17, 1.0, 5.294293626938881e-18, -1.4813540171849057e-17, -5.294293626938881e-18, 1.0], "world_rotation": [-0.1276280613210114, 0.35710588544125776, 0.925303444577321, 4.1482206750932463e-17]}], "source": "action wait"}
{"timestamp": 1709222641.188138, "objects": [{"color": "cv_", "id_name": "hand", "shape": "CVCylinder", "id_string": "ob382", "world_size": [0.12, 0.005, 0.12], "id": 382, "camera_size": [53, 53], "camera_position": [245, 264], "world_position": [0.6826794704593895, 0.795817026250736, -0.17407094961991984], "world_orientation": [6.708982987201766e-05, 0.1398223089747638, 0.9901766092025808, -0.0007772693670648453, -0.9901763050332076, 0.13982231868738057, 0.9999996956755968, -0.0007790146018906706, 4.22488377507909e-05], "world_rotation": [0.0, 1.0, 0.0, 0.0]}, {"color": "CVYellow", "id_name": "object167824423218991", "shape": "CVCone", "id_string": "ob428", "world_size": [0.11, 0.11, 0.11], "id": 428, "camera_size": [45, 45], "camera_position": [256, 254], "world_position": [0.705, 0.6547388572526824, -0.15], "world_orientation": [1.0, -3.838362879530641e-17, 1.4813540171849057e-17, 3.838362879530641e-17, 1.0, 5.294293626938881e-18, -1.4813540171849057e-17, -5.294293626938881e-18, 1.0], "world_rotation": [-0.1276280613210114, 0.35710588544125776, 0.925303444577321, 4.1482206750932463e-17]}], "source": "action wait"}
{"timestamp": 1709222641.220347, "objects": [{"color": "cv_", "id_name": "hand", "shape": "CVCylinder", "id_string": "ob382", "world_size": [0.12, 0.005, 0.12], "id": 382, "camera_size": [52, 52], "camera_position": [245, 239], "world_position": [0.7370144499197072, 0.7656334206558898, -0.1740726545983297], "world_orientation": [3.5712739847902655e-05, 0.0982699990159694, 0.9951597891886517, -0.0007769529261700956, -0.995159486729496, 0.0982699970308179, 0.9999996975343297, -0.000776701801056078, 4.081129143384528e-05], "world_rotation": [0.0, 1.0, 0.0, 0.0]}, {"color": "CVYellow", "id_name": "object167824423218991", "shape": "CVCone", "id_string": "ob428", "world_size": [0.11, 0.11, 0.11], "id": 428, "camera_size": [45, 45], "camera_position": [256, 254], "world_position": [0.705, 0.6547388572526824, -0.15], "world_orientation": [1.0, -3.838362879530641e-17, 1.4813540171849057e-17, 3.838362879530641e-17, 1.0, 5.294293626938881e-18, -1.4813540171849057e-17, -5.294293626938881e-18, 1.0], "world_rotation": [-0.1276280613210114, 0.35710588544125776, 0.925303444577321, 4.1482206750932463e-17]}], "source": "action wait"}
{"timestamp": 1709222641.256601, "objects": [{"color": "cv_", "id_name": "hand", "shape": "CVCylinder", "id_string": "ob382", "world_size": [0.12, 0.005, 0.12], "id": 382, "camera_size": [51, 51], "camera_position": [246, 224], "world_position": [0.7743849960929184, 0.7408055370996499, -0.1740740893828728], "world_orientation": [1.1532187713774143e-05, 0.0688004453716532, 0.9976304418890147, -0.0007702248355175205, -0.9976301454239147, 0.0688004338297507, 0.9999997033103118, -0.000769193162529287, 4.148695361435379e-05], "world_rotation": [0.0, 1.0, 0.0, 0.0]}, {"color": "CVYellow", "id_name": "object167824423218991", "shape": "CVCone", "id_string": "ob428", "world_size": [0.11, 0.11, 0.11], "id": 428, "camera_size": [45, 45], "camera_position": [256, 254], "world_position": [0.705, 0.6547388572526824, -0.15], "world_orientation": [1.0, -3.838362879530641e-17, 1.4813540171849057e-17, 3.838362879530641e-17, 1.0, 5.294293626938881e-18, -1.4813540171849057e-17, -5.294293626938881e-18, 1.0], "world_rotation": [-0.1276280613210114, 0.35710588544125776, 0.925303444577321, 4.1482206750932463e-17]}], "source": "action wait"}
{"timestamp": 1709222641.293993, "objects": [{"color": "cv_", "id_name": "hand", "shape": "CVCylinder", "id_string": "ob382", "world_size": [0.12, 0.005, 0.12], "id": 382, "camera_size": [51, 51], "camera_position": [246, 214], "world_position": [0.8000422091374827, 0.721658386167347, -0.17407763406011856], "world_orientation": [-1.4331692207208283e-06, 0.047993834270270035, 0.9988476319589409, -0.0007651955093052054, -0.9988473395878426, 0.047993819124151786, 0.9999997072368464, -0.0007642449391911141, 3.815618372162635e-05], "world_rotation": [0.0, 1.0, 0.0, 0.0]}, {"color": "CVYellow", "id_name": "object167824423218991", "shape": "CVCone", "id_string": "ob428", "world_size": [0.11, 0.11, 0.11], "id": 428, "camera_size": [45, 45], "camera_position": [256, 254], "world_position": [0.705, 0.6547388572526824, -0.15], "world_orientation": [1.0, -3.838362879530641e-17, 1.4813540171849057e-17, 3.838362879530641e-17, 1.0, 5.294293626938881e-18, -1.4813540171849057e-17, -5.294293626938881e-18, 1.0], "world_rotation": [-0.1276280613210114, 0.35710588544125776, 0.925303444577321, 4.1482206750932463e-17]}], "source": "action wait"}
{"timestamp": 1709222641.328476, "objects": [{"color": "cv_", "id_name": "hand", "shape": "CVCylinder", "id_string": "ob382", "world_size": [0.12, 0.005, 0.12], "id": 382, "camera_size": [50, 50], "camera_position": [245, 206], "world_position": [0.818177402061379, 0.7129594157742972, -0.17412219551771949], "world_orientation": [1.0067119176189117e-05, 0.04086103920911856, 0.9991648389397038, -0.0007760801883771043, -0.9991645377723262, 0.04086103471224312, 0.9999996987990518, -0.0007758433893305745, 2.1652734528705247e-05], "world_rotation": [0.0, 1.0, 0.0, 0.0]}, {"color": "CVYellow", "id_name": "object167824423218991", "shape": "CVCone", "id_string": "ob428", "world_size": [0.11, 0.11, 0.11], "id": 428, "camera_size": [45, 49], "camera_position": [256, 252], "world_position": [0.7092464939575851, 0.6555920179624651, -0.15002050232684924], "world_orientation": [0.9969976549544349, 0.07743174731783176, 2.286187581003644e-05, -0.07743175020996991, 0.9969975723077779, 0.00040604410848326186, 8.647470126961861e-06, -0.00040659525902293027, 0.9999999173027548], "world_rotation": [-0.00524738359233841, 9.178541200274678e-05, -0.999986228175605, 0.07751040382160092]}], "source": "action wait"}
{"timestamp": 1709222641.359033, "objects": [{"color": "cv_", "id_name": "hand", "shape": "CVCylinder", "id_string": "ob382", "world_size": [0.12, 0.005, 0.12], "id": 382, "camera_size": [49, 50], "camera_position": [246, 201], "world_position": [0.830770833190048, 0.7053713866180462, -0.17414932113088522], "world_orientation": [1.556713595475721e-05, 0.03422056073927152, 0.9994143049708436, -0.0007886311745924743, -0.9994139938843439, 0.03422056237140215, 0.9999996889092191, -0.000788701993380909, 1.1429387493514577e-05], "world_rotation": [0.0, 1.0, 0.0, 0.0]}, {"color": "CVYellow", "id_name": "object167824423218991", "shape": "CVCone", "id_string": "ob428", "world_size": [0.11, 0.11, 0.11], "id": 428, "camera_size": [46, 53], "camera_position": [255, 250], "world_position": [0.7143915746290325, 0.6586480997759673, -0.1500290626323714], "world_orientation": [0.9867152164769417, 0.16245946826870186, 5.237091575093114e-05, -0.16245947137477454, 0.9867150501892942, 0.0005743610081213585, 4.1635213210031855e-05, -0.0005752388977526897, 0.9999998336833461], "world_rotation": [-0.0035380907960918077, 3.304096508311366e-05, -0.9999937403913154, 0.16318375814621874]}], "source": "action wait"}
{"timestamp": 1709222641.390356, "objects": [{"color": "cv_", "id_name": "hand", "shape": "CVCylinder", "id_string": "ob382", "world_size": [0.12, 0.005, 0.12], "id": 382, "camera_size": [49, 50], "camera_position": [246, 198], "world_position": [0.8396941365320402, 0.7009024551179097, -0.17417213078627053], "world_orientation": [2.200136148286251e-05, 0.03089682211323401, 0.9995225789842086, -0.0008036633951380405, -0.9995222558965133, 0.030896829816217664, 0.9999996768204915, -0.0008039594816653901, 2.839794496731315e-06], "world_rotation": [0.0, 1.0, 0.0, 0.0]}, {"color": "CVYellow", "id_name": "object167824423218991", "shape": "CVCone", "id_string": "ob428", "world_size": [0.11, 0.11, 0.11], "id": 428, "camera_size": [47, 56], "camera_position": [256, 247], "world_position": [0.7199343650823757, 0.6602480487006546, -0.1500432700471267], "world_orientation": [0.9689954949397901, 0.2470783685150421, 0.00010294822143895667, -0.24707836730490573, 0.9689951435311432, 0.0008319993998267703, 0.00010581272770517449, -0.0008316399486948308, 0.9999996485892695], "world_rotation": [0.0033666037514291708, 5.79672364110118e-06, 0.9999943329567317, -0.2496654214725171]}], "source": "action wait"}
{"timestamp": 1709222641.423324, "objects": [{"color": "cv_", "id_name": "hand", "shape": "CVCylinder", "id_string": "ob382", "world_size": [0.12, 0.005, 0.12], "id": 382, "camera_size": [49, 49], "camera_position": [246, 196], "world_position": [0.8459015846551754, 0.6967896570149399, -0.17418784479981886], "world_orientation": [2.264913879025927e-05, 0.027309078544610003, 0.9996270373074455, -0.0008128140001805794, -0.9996267068509418, 0.027309087933186465, 0.9999996694101542, -0.0008131293782057133, -4.434826484511935e-07], "world_rotation": [0.0, 1.0, 0.0, 0.0]}, {"color": "CVYellow", "id_name": "object167824423218991", "shape": "CVCone", "id_string": "ob428", "world_size": [0.11, 0.11, 0.11], "id": 428, "camera_size": [47, 58], "camera_position": [256, 245], "world_position": [0.7241249765952763, 0.6608265385224853, -0.1500545067666204], "world_orientation": [0.9517508217115912, 0.30687187983009756, 0.00015080070767607714, -0.3068718676055344, 0.9517502754752488, 0.0010344104986752633, 0.00017390687917189803, -0.0010307775369020726, 0.9999994536268841], "world_rotation": [0.003364883717713074, 3.764770030891558e-05, 0.9999943380540797, -0.31190640158096006]}], "source": "action wait"}
{"timestamp": 1709222641.453847, "objects": [{"color": "cv_", "id_name": "hand", "shape": "CVCylinder", "id_string": "ob382", "world_size": [0.12, 0.005, 0.12], "id": 382, "camera_size": [49, 50], "camera_position": [246, 194], "world_position": [0.8502701069491746, 0.6937224109840607, -0.1741966526036408], "world_orientation": [2.1398568947368304e-05, 0.02461295085143675, 0.9996970552084697, -0.0008184088634888207, -0.9996967202111735, 0.02461296012175201, 0.9999996648744606, -0.0008186876129108038, -1.2486220600820607e-06], "world_rotation": [0.0, 1.0, 0.0, 0.0]}, {"color": "CVYellow", "id_name": "object167824423218991", "shape": "CVCone", "id_string": "ob428", "world_size": [0.11, 0.11, 0.11], "id": 428, "camera_size": [47, 60], "camera_position": [256, 244], "world_position": [0.7272488613015844, 0.6612192022966386, -0.1500617023983841], "world_orientation": [0.9369639913320218, 0.3494258690850538, 0.00020238903612301542, -0.3494258571733323, 0.9369632770693667, 0.0011780331554600227, 0.00022200416462889562, -0.001174494609691048, 0.9999992856380262], "world_rotation": [0.003366256885032842, 2.806749504165065e-05, 0.9999943337473466, -0.356960383739451]}], "source": "action wait"}
{"timestamp": 1709222641.484189, "objects": [{"color": "cv_", "id_name": "hand", "shape": "CVCylinder", "id_string": "ob382", "world_size": [0.12, 0.005, 0.12], "id": 382, "camera_size": [49, 49], "camera_position": [246, 193], "world_position": [0.8533544325277835, 0.6915228301231688, -0.17420207673196317], "world_orientation": [1.988414638210309e-05, 0.022696816612337294, 0.9997423938796868, -0.0008218431412208159, -0.9997420560802875, 0.02269682528925126, 0.9999996620891789, -0.0008220827363945196, -1.2257943266470067e-06], "world_rotation": [0.0, 1.0, 0.0, 0.0]}, {"color": "CVYellow", "id_name": "object167824423218991", "shape": "CVCone", "id_string": "ob428", "world_size": [0.11, 0.11, 0.11], "id": 428, "camera_size": [47, 60], "camera_position": [256, 243], "world_position": [0.7295441228015823, 0.6615318975053882, -0.15006690371404485], "world_orientation": [0.9251045789128483, 0.37971233262011356, 0.00025006134062793936, -0.3797123260153164, 0.9251037108561713, 0.0012936893674602593, 0.0002598971332475983, -0.0012917493308246951, 0.9999991319181964], "world_rotation": [0.003404450574052059, 1.2951562089817604e-05, 0.9999942047574806, -0.3894876951502192]}], "source": "action wait"}
{"timestamp": 1709222641.52279, "objects": [{"color": "cv_", "id_name": "hand", "shape": "CVCylinder", "id_string": "ob382", "world_size": [0.12, 0.005, 0.12], "id": 382, "camera_size": [49, 50], "camera_position": [246, 192], "world_position": [0.8555357000209041, 0.6899707107391755, -0.17420701001930597], "world_orientation": [1.9257165466987147e-05, 0.02136328388695053, 0.9997717788229108, -0.0008239506257773868, -0.9997714392994119, 0.02136329250253381, 0.9999996603672063, -0.0008241739792547076, -1.6504729080562763e-06], "world_rotation": [0.0, 1.0, 0.0, 0.0]}, {"color": "CVYellow", "id_name": "object167824423218991", "shape": "CVCone", "id_string": "ob428", "world_size": [0.11, 0.11, 0.11], "id": 428, "camera_size": [47, 61], "camera_position": [256, 243], "world_position": [0.7312127743393975, 0.6617916707024096, -0.1500712076613224], "world_orientation": [0.9159552597428736, 0.40128028970327323, 0.0003020679103295445, -0.4012803013641718, 0.9159542305329925, 0.0014026067850206711, 0.00028615807665826503, -0.001405938964180211, 0.9999989707240624], "world_rotation": [-0.003499459832468938, 1.9823719763064596e-05, -0.999993876675203, 0.41291687220728085]}], "source": "action wait"}
{"timestamp": 1709222641.556979, "objects": [{"color": "cv_", "id_name": "hand", "shape": "CVCylinder", "id_string": "ob382", "world_size": [0.12, 0.005, 0.12], "id": 382, "camera_size": [49, 49], "camera_position": [246, 192], "world_position": [0.8569748125534101, 0.6880689269954163, -0.17421310796933123], "world_orientation": [1.9390383018994924e-05, 0.019270738400275638, 0.9998143018908667, -0.000825437437840228, -0.9998139611601089, 0.01927074784144403, 0.9999996591384666, -0.0008256578228508783, -3.4799867238360236e-06], "world_rotation": [0.0, 1.0, 0.0, 0.0]}, {"color": "CVYellow", "id_name": "object167824423218991", "shape": "CVCone", "id_string": "ob428", "world_size": [0.11, 0.11, 0.11], "id": 428, "camera_size": [47, 62], "camera_position": [256, 242], "world_position": [0.7317841283478301, 0.6626997507895406, -0.15007346855931775], "world_orientation": [0.8995885340735862, 0.43673822861779954, 0.0004347724956722173, -0.4367383659454609, 0.899587326360149, 0.0014973187661319405, 0.00026282051863995345, -0.0015368526231834172, 0.9999987845039561], "world_rotation": [-0.0034736512046390096, 0.00019685809254597179, -0.9999939474787835, 0.45197263558297435]}], "source": "action wait"}
{"timestamp": 1709222641.595, "objects": [{"color": "cv_", "id_name": "hand", "shape": "CVCylinder", "id_string": "ob382", "world_size": [0.12, 0.005, 0.12], "id": 382, "camera_size": [49, 49], "camera_position": [246, 192], "world_position": [0.857539242477889, 0.6833149467697648, -0.17419755268427684], "world_orientation": [1.3354791700971565e-05, 0.013169581522491272, 0.999913277211665, -0.0008160427011139385, -0.9999129442232843, 0.013169588035819156, 0.9999996669479243, -0.0008161478087208655, -2.606688210722506e-06], "world_rotation": [0.0, 1.0, 0.0, 0.0]}, {"color": "CVYellow", "id_name": "object167824423218991", "shape": "CVCone", "id_string": "ob428", "world_size": [0.11, 0.11, 0.11], "id": 428, "camera_size": [47, 65], "camera_position": [256, 244], "world_position": [0.7291600733654194, 0.6676209139870103, -0.1500600157050514], "world_orientation": [0.8249644652508953, 0.5651842033246701, 0.0006688688678742154, -0.5651845747932194, 0.8249635048798286, 0.0012696582992742546, 0.00016579840882335943, -0.001425457346594057, 0.9999989702905903], "world_rotation": [-0.0023842729652319467, 0.00044504854437715227, -0.9999970585827843, 0.6006587631261926]}], "source": "action wait"}
{"timestamp": 1709222641.628079, "objects": [{"color": "cv_", "id_name": "hand", "shape": "CVCylinder", "id_string": "ob382", "world_size": [0.12, 0.005, 0.12], "id": 382, "camera_size": [49, 49], "camera_position": [246, 192], "world_position": [0.8578571418165735, 0.6796797516541396, -0.17416538615241284], "world_orientation": [6.871974431496274e-06, 0.008780729514332357, 0.9999614486278819, -0.0007978500630457021, -0.999961130333208, 0.008780732202382121, 0.9999996816939758, -0.0007978796457985727, 1.3399827681813113e-07], "world_rotation": [0.0, 1.0, 0.0, 0.0]}, {"color": "CVYellow", "id_name": "object167824423218991", "shape": "CVCone", "id_string": "ob428", "world_size": [0.11, 0.11, 0.11], "id": 428, "camera_size": [47, 66], "camera_position": [256, 244], "world_position": [0.7267191579192355, 0.6718847921004714, -0.15003251299843684], "world_orientation": [0.7454434449811305, 0.6665678357508411, 0.001179269733432195, -0.6665688054037691, 0.7454430270403498, 0.0008491757842684848, -0.00031304513509489477, -0.0014190769394823717, 0.9999989441111343], "world_rotation": [-0.0017014370091059732, 0.001119398962895281, -0.9999979260268823, 0.7295975734176067]}], "source": "action wait"}
{"timestamp": 1709222641.656394, "objects": [{"color": "cv_", "id_name": "hand", "shape": "CVCylinder", "id_string": "ob382", "world_size": [0.12, 0.005, 0.12], "id": 382, "camera_size": [49, 49], "camera_position": [246, 192], "world_position": [0.8580993240331016, 0.6773152706766158, -0.17416078518976477], "world_orientation": [6.929849726818487e-06, 0.005744182797429324, 0.9999835020218918, -0.0007946011242197418, -0.9999831863239578, 0.005744186490530363, 0.9999996842804656, -0.0007946278212573375, -2.365399101655956e-06], "world_rotation": [0.0, 1.0, 0.0, 0.0]}, {"color": "CVYellow", "id_name": "object167824423218991", "shape": "CVCone", "id_string": "ob428", "world_size": [0.11, 0.11, 0.11], "id": 428, "camera_size": [47, 67], "camera_position": [256, 245], "world_position": [0.7258693846903888, 0.6722744363472191, -0.1500263871622225], "world_orientation": [0.720192726564334, 0.6937721571884737, 0.0016218859029555632, -0.6937737600349866, 0.7201926028312621, 0.0007646659720617937, -0.0006375662689789668, -0.0016759287525713704, 0.9999983923847424], "world_rotation": [-0.0017589239269184226, 0.0016283754311321758, -0.9999971272859112, 0.7667175012501725]}], "source": "action wait"}
{"timestamp": 1709222641.688255, "objects": [{"color": "cv_", "id_name": "hand", "shape": "CVCylinder", "id_string": "ob382", "world_size": [0.12, 0.005, 0.12], "id": 382, "camera_size": [49, 49], "camera_position": [246, 192], "world_position": [0.8583269846285381, 0.6757636922915166, -0.17416588466438812], "world_orientation": [5.8133094216461515e-06, 0.003631210591138258, 0.9999934071161911, -0.0007968619846272876, -0.9999930896237985, 0.0036312140706851515, 0.9999996824885411, -0.0007968778403801504, -2.919695570901575e-06], "world_rotation": [0.0, 1.0, 0.0, 0.0]}, {"color": "CVYellow", "id_name": "object167824423218991", "shape": "CVCone", "id_string": "ob428", "world_size": [0.11, 0.11, 0.11], "id": 428, "camera_size": [47, 67], "camera_position": [256, 245], "world_position": [0.7260474458302958, 0.6716295373356709, -0.15003021668733818], "world_orientation": [0.7184998254675781, 0.6955251736421387, 0.0016533702346662126, -0.69552688031941, 0.7184995777847408, 0.0008458583205497536, -0.0005996300602525165, -0.001757712497015658, 0.9999982754437975], "world_rotation": [-0.0018716501909693214, 0.0016196326997480004, -0.9999969368530487, 0.7691547241901494]}], "source": "action wait"}
{"timestamp": 1709222641.718045, "objects": [{"color": "cv_", "id_name": "hand", "shape": "CVCylinder", "id_string": "ob382", "world_size": [0.12, 0.005, 0.12], "id": 382, "camera_size": [49, 49], "camera_position": [246, 192], "world_position": [0.8584901986011694, 0.6746774522455363, -0.17416856560449143], "world_orientation": [4.486304185987514e-06, 0.0021428454308144995, 0.9999977040940308, -0.0007988147783521931, -0.9999973850445715, 0.0021428483308738888, 0.9999996809373606, -0.0007988225578183745, -2.774555856271309e-06], "world_rotation": [0.0, 1.0, 0.0, 0.0]}, {"color": "CVYellow", "id_name": "object167824423218991", "shape": "CVCone", "id_string": "ob428", "world_size": [0.11, 0.11, 0.11], "id": 428, "camera_size": [47, 67], "camera_position": [256, 245], "world_position": [0.7261727236672239, 0.6711600090032408, -0.15003215357820773], "world_orientation": [0.7172697906843732, 0.6967935381366788, 0.0016770755988884303, -0.6967953202241054, 0.7172694515820949, 0.0009030730355320056, -0.000573659639452241, -0.0018163254361362405, 0.9999981859366187], "world_rotation": [-0.0019513572681233555, 0.0016150588491222863, -0.999996791889717, 0.770921732731473]}], "source": "action wait"}
{"timestamp": 1709222641.75487, "objects": [{"color": "cv_", "id_name": "hand", "shape": "CVCylinder", "id_string": "ob382", "world_size": [0.12, 0.005, 0.12], "id": 382, "camera_size": [49, 49], "camera_position": [246, 192], "world_position": [0.8586157541372068, 0.6739228646787497, -0.1741714052035473], "world_orientation": [3.6276006595182026e-06, 0.0010956591054956074, 0.9999993997588025, -0.0008005957767367566, -0.9999990792855422, 0.0010956616586098062, 0.9999996795165701, -0.0008005992708094935, -2.7504172665380223e-06], "world_rotation": [0.0, 1.0, 0.0, 0.0]}, {"color": "CVYellow", "id_name": "object167824423218991", "shape": "CVCone", "id_string": "ob428", "world_size": [0.11, 0.11, 0.11], "id": 428, "camera_size": [47, 66], "camera_position": [256, 244], "world_position": [0.7262627297012283, 0.6707812995360479, -0.15003372633764997], "world_orientation": [0.7163421571509313, 0.6977470914350965, 0.0017059549271642622, -0.697748957280551, 0.7163417305370736, 0.0009579692346588413, -0.000553626457575583, -0.0018765620196362232, 0.9999980860045343], "world_rotation": [-0.0020311929179996835, 0.0016191903685566931, -0.9999966262332489, 0.7722522394692428]}], "source": "action wait"}
{"timestamp": 1709222641.7872, "objects": [{"color": "cv_", "id_name": "hand", "shape": "CVCylinder", "id_string": "ob382", "world_size": [0.12, 0.005, 0.12], "id": 382, "camera_size": [49, 49], "camera_position": [246, 192], "world_position": [0.8587056573691042, 0.6733942171707935, -0.1741737390691309], "world_orientation": [2.18745161203633e-06, 0.0003580977726317437, 0.9999999358805981, -0.000801973020401517, -0.9999996143019687, 0.0003580994117528081, 0.9999996784171932, -0.0008019737523049872, -1.90026601563959e-06], "world_rotation": [0.0, 1.0, 0.0, 0.0]}, {"color": "CVYellow", "id_name": "object167824423218991", "shape": "CVCone", "id_string": "ob428", "world_size": [0.11, 0.11, 0.11], "id": 428, "camera_size": [47, 66], "camera_position": [256, 244], "world_position": [0.7263247427533649, 0.6705057510044605, -0.150034810811339], "world_orientation": [0.7156609982356579, 0.6984456500371422, 0.0017348050425795966, -0.6984475975226841, 0.7156604907547698, 0.0010077139637654706, -0.0005376979936626842, -0.0019328519954043655, 0.9999979874799907], "world_rotation": [-0.0021050681989006233, 0.0016268208024992794, -0.9999964610647153, 0.7732281008267459]}], "source": "action wait"}
{"timestamp": 1709222644.63428, "objects": [{"color": "cv_", "id_name": "hand", "shape": "CVCylinder", "id_string": "ob382", "world_size": [0.12, 0.005, 0.12], "id": 382, "camera_size": [49, 49], "camera_position": [246, 192], "world_position": [0.858891448904839, 0.6721303099272881, -0.17416664165466278], "world_orientation": [4.3835103230013886e-07, -0.0014024754851484924, 0.9999990165306771, -0.0008058269786234046, -0.9999986918529755, -0.0014024746765598317, 0.9999996753212915, -0.0008058255713414407, -1.568503041318127e-06], "world_rotation": [0.0, 1.0, 0.0, 0.0]}, {"color": "CVYellow", "id_name": "object167824423218991", "shape": "CVCone", "id_string": "ob428", "world_size": [0.11, 0.11, 0.11], "id": 428, "camera_size": [47, 66], "camera_position": [256, 244], "world_position": [0.7262464129266514, 0.6698828792358936, -0.15000736723427457], "world_orientation": [0.7119041272808246, 0.7022728403149583, 0.002317610081209516, -0.7022766103900906, 0.7119014917205481, 0.0019566770462571643, -0.0002757889271855331, -0.0030205698170238495, 0.9999954000386443], "world_rotation": [-0.003543632533434778, 0.0018464129569550991, -0.9999920166819636, 0.7785956180877311]}], "source": "action wait"}
{"timestamp": 1709222644.665915, "objects": [{"color": "cv_", "id_name": "hand", "shape": "CVCylinder", "id_string": "ob382", "world_size": [0.12, 0.005, 0.12], "id": 382, "camera_size": [49, 49], "camera_position": [246, 203], "world_position": [0.8306230589337594, 0.6727862575330672, -0.17410597487511784], "world_orientation": [-5.5025805185274754e-05, -0.002291147309558797, 0.9999973738046349, -0.0008063428455660461, -0.9999970501233003, -0.002291190937735748, 0.9999996733916349, -0.000806466802578744, 5.317819262510783e-05], "world_rotation": [0.0, 1.0, 0.0, 0.0]}, {"color": "CVYellow", "id_name": "object167824423218991", "shape": "CVCone", "id_string": "ob428", "world_size": [0.11, 0.11, 0.11], "id": 428, "camera_size": [47, 66], "camera_position": [256, 256], "world_position": [0.699441811875789, 0.6691944269501529, -0.14998880789234292], "world_orientation": [0.7318472532976663, 0.6814665501046534, 0.0017143305175563125, -0.6814687053274395, 0.731845079354465, 0.0017842320478026073, -3.87298954585768e-05, -0.0024740479217324287, 0.9999969387887526], "world_rotation": [-0.003124327180349961, 0.0012862316090916867, -0.9999942920776688, 0.7497714537869589]}], "source": "action wait"}
{"timestamp": 1709222644.702141, "objects": [{"color": "cv_", "id_name": "hand", "shape": "CVCylinder", "id_string": "ob382", "world_size": [0.12, 0.005, 0.12], "id": 382, "camera_size": [49, 48], "camera_position": [246, 217], "world_position": [0.7950026046378545, 0.6754253126208628, -0.17411143202499696], "world_orientation": [-3.758811505419059e-05, -0.0020636409583085105, 0.9999978699842961, -0.0007941310490623603, -0.9999975553076879, -0.0020636701588801253, 0.9999996839714554, -0.0007942069270224856, 3.594922180407312e-05], "world_rotation": [0.0, 1.0, 0.0, 0.0]}, {"color": "CVYellow", "id_name": "object167824423218991", "shape": "CVCone", "id_string": "ob428", "world_size": [0.11, 0.11, 0.11], "id": 428, "camera_size": [47, 66], "camera_position": [256, 271], "world_position": [0.6632713168311826, 0.6712445692267486, -0.14999152634993487], "world_orientation": [0.7273214362771754, 0.6862893099183727, -0.0032421325498202475, -0.6862880385499348, 0.7273279557009567, 0.0016652324613987354, 0.003500924876359301, 0.0010138775227751318, 0.99999335776663], "world_rotation": [0.00047454302379336904, 0.004912637750768136, 0.9999878203254519, -0.7563855031546134]}], "source": "action wait"}
{"timestamp": 1709222644.737367, "objects": [{"color": "cv_", "id_name": "hand", "shape": "CVCylinder", "id_string": "ob382", "world_size": [0.12, 0.005, 0.12], "id": 382, "camera_size": [49, 49], "camera_position": [246, 228], "world_position": [0.769592940027576, 0.675938167752029, -0.17412373324783037], "world_orientation": [-2.1545167942055036e-05, -0.0018470160420427557, 0.9999982940323179, -0.0007933997130950833, -0.9999979794917767, -0.0018470325550391865, 0.9999996850263009, -0.0007934381542077902, 2.00797024123692e-05], "world_rotation": [0.0, 1.0, 0.0, 0.0]}, {"color": "CVYellow", "id_name": "object167824423218991", "shape": "CVCone", "id_string": "ob428", "world_size": [0.11, 0.11, 0.11], "id": 428, "camera_size": [47, 66], "camera_position": [256, 282], "world_position": [0.6376821885266493, 0.6717326674396008, -0.1499983506963677], "world_orientation": [0.7268078267371959, 0.6867735510409453, -0.00961626664379367, -0.6867932669064813, 0.7268510559324812, 0.001597191835594265, 0.008086502672794406, 0.005443535656824217, 0.9999524870682986], "world_rotation": [-0.002800016195484661, 0.012887054068797485, 0.9999130380921796, -0.7571366136237956]}], "source": "action wait"}
