{"timestamp": 1706068084.05465, "objects": [{"color": "cv_", "id_name": "hand", "shape": "CVCylinder", "id_string": "ob383", "world_size": [0.12, 0.005, 0.12], "id": 383, "camera_size": [48, 50], "camera_position": [246, 426], "world_position": [0.2676445155400458, 0.6334703013847326, -0.17389260400847803], "world_orientation": [-0.00064155128190914, 0.1979154748665285, 0.9802188802610922, -0.0007473675515103876, -0.9802189031249443, 0.1979149903324006, 0.9999995149267302, -0.0006056111687284891, 0.0007767762977088216], "world_rotation": [0.0, 1.0, 0.0, 0.0]}, {"color": "CVGreen", "id_name": "object44602064047848", "shape": "CVBox", "id_string": "ob688", "world_size": [0.11, 0.11, 0.11], "id": 688, "camera_size": [45, 45], "camera_position": [256, 254], "world_position": [0.705, 0.6547388526351784, -0.15], "world_orientation": [1.0, -5.161936286265336e-17, 1.4791987631444557e-17, 5.161936286265336e-17, 1.0, 1.8530027694285844e-17, -1.4791987631444557e-17, -1.8530027694285844e-17, 1.0], "world_rotation": [-0.32620844195650495, 0.2604028077184905, 0.908723516878834, 5.680425553412425e-17]}], "source": "manual check"}
{"timestamp": 1706068085.074989, "objects": [{"color": "cv_", "id_name": "hand", "shape": "CVCylinder", "id_string": "ob383", "world_size": [0.12, 0.005, 0.12], "id": 383, "camera_size": [48, 50], "camera_position": [246, 426], "world_position": [0.2676445155400458, 0.6334703013847326, -0.17389260400847803], "world_orientation": [-0.00064155128190914, 0.1979154748665285, 0.9802188802610922, -0.0007473675515103876, -0.9802189031249443, 0.1979149903324006, 0.9999995149267302, -0.0006056111687284891, 0.0007767762977088216], "world_rotation": [0.0, 1.0, 0.0, 0.0]}, {"color": "CVGreen", "id_name": "object44602064047848", "shape": "CVBox", "id_string": "ob688", "world_size": [0.11, 0.11, 0.11], "id": 688, "camera_size": [45, 45], "camera_position": [256, 254], "world_position": [0.705, 0.6547388572526824, -0.15], "world_orientation": [1.0, -3.838362879530641e-17, 1.4813540171849057e-17, 3.838362879530641e-17, 1.0, 5.294293626938881e-18, -1.4813540171849057e-17, -5.294293626938881e-18, 1.0], "world_rotation": [-0.1276280613210114, 0.35710588544125776, 0.925303444577321, 4.1482206750932463e-17]}], "source": "manual check"}
{"timestamp": 1706068086.715584, "objects": [{"color": "cv_", "id_name": "hand", "shape": "CVCylinder", "id_string": "ob383", "world_size": [0.12, 0.005, 0.12], "id": 383, "camera_size": [48, 50], "camera_position": [246, 426], "world_position": [0.2676445155400458, 0.6334703013847326, -0.17389260400847803], "world_orientation": [-0.00064155128190914, 0.1979154748665285, 0.9802188802610922, -0.0007473675515103876, -0.9802189031249443, 0.1979149903324006, 0.9999995149267302, -0.0006056111687284891, 0.0007767762977088216], "world_rotation": [0.0, 1.0, 0.0, 0.0]}, {"color": "CVGreen", "id_name": "object44602064047848", "shape": "CVBox", "id_string": "ob688", "world_size": [0.11, 0.11, 0.11], "id": 688, "camera_size": [45, 45], "camera_position": [256, 254], "world_position": [0.705, 0.6547388572526824, -0.15], "world_orientation": [1.0, -3.838362879530641e-17, 1.4813540171849057e-17, 3.838362879530641e-17, 1.0, 5.294293626938881e-18, -1.4813540171849057e-17, -5.294293626938881e-18, 1.0], "world_rotation": [-0.1276280613210114, 0.35710588544125776, 0.925303444577321, 4.1482206750932463e-17]}], "source": "action wait"}
{"timestamp": 1706068086.749232, "objects": [{"color": "cv_", "id_name": "hand", "shape": "CVCylinder", "id_string": "ob383", "world_size": [0.12, 0.005, 0.12], "id": 383, "camera_size": [49, 51], "camera_position": [246, 421], "world_position": [0.291657494778149, 0.6683012703641197, -0.1739558400405198], "world_orientation": [-0.00037885184003646805, 0.2032160821787472, 0.9791338419313287, -0.0007138467906134534, -0.9791337176842083, 0.20321578018613873, 0.9999996734469683, -0.0006219628783960191, 0.0005160117586511788], "world_rotation": [0.0, 1.0, 0.0, 0.0]}, {"color": "CVGreen", "id_name": "object44602064047848", "shape": "CVBox", "id_string": "ob688", "world_size": [0.11, 0.11, 0.11], "id": 688, "camera_size": [45, 45], "camera_position": [256, 254], "world_position": [0.705, 0.6547388572526824, -0.15], "world_orientation": [1.0, -3.838362879530641e-17, 1.4813540171849057e-17, 3.838362879530641e-17, 1.0, 5.294293626938881e-18, -1.4813540171849057e-17, -5.294293626938881e-18, 1.0], "world_rotation": [-0.1276280613210114, 0.35710588544125776, 0.925303444577321, 4.1482206750932463e-17]}], "source": "action wait"}
{"timestamp": 1706068086.783218, "objects": [{"color": "cv_", "id_name": "hand", "shape": "CVCylinder", "id_string": "ob383", "world_size": [0.12, 0.005, 0.12], "id": 383, "camera_size": [51, 52], "camera_position": [246, 406], "world_position": [0.33808014493904176, 0.7068581764815441, -0.17398359639693564], "world_orientation": [-0.0002162473457239097, 0.19544261622983453, 0.9807151151064835, -0.0007297226357927803, -0.9807149077649311, 0.1954424140060133, 0.9999997103709382, -0.0006733861154869319, 0.00035469589677793536], "world_rotation": [0.0, 1.0, 0.0, 0.0]}, {"color": "CVGreen", "id_name": "object44602064047848", "shape": "CVBox", "id_string": "ob688", "world_size": [0.11, 0.11, 0.11], "id": 688, "camera_size": [45, 45], "camera_position": [256, 254], "world_position": [0.705, 0.6547388572526824, -0.15], "world_orientation": [1.0, -3.838362879530641e-17, 1.4813540171849057e-17, 3.838362879530641e-17, 1.0, 5.294293626938881e-18, -1.4813540171849057e-17, -5.294293626938881e-18, 1.0], "world_rotation": [-0.1276280613210114, 0.35710588544125776, 0.925303444577321, 4.1482206750932463e-17]}], "source": "action wait"}
{"timestamp": 1706068086.812755, "objects": [{"color": "cv_", "id_name": "hand", "shape": "CVCylinder", "id_string": "ob383", "world_size": [0.12, 0.005, 0.12], "id": 383, "camera_size": [51, 53], "camera_position": [246, 388], "world_position": [0.3889230076248304, 0.7404412769182391, -0.17400415545984987], "world_orientation": [-0.00011054393783397365, 0.18988588474489537, 0.9818061613957646, -0.0007407101455443759, -0.9818059136078681, 0.18988575342320993, 0.9999997195642198, -0.0007062430657821391, 0.00024918309320553676], "world_rotation": [0.0, 1.0, 0.0, 0.0]}, {"color": "CVGreen", "id_name": "object44602064047848", "shape": "CVBox", "id_string": "ob688", "world_size": [0.11, 0.11, 0.11], "id": 688, "camera_size": [45, 45], "camera_position": [256, 254], "world_position": [0.705, 0.6547388572526824, -0.15], "world_orientation": [1.0, -3.838362879530641e-17, 1.4813540171849057e-17, 3.838362879530641e-17, 1.0, 5.294293626938881e-18, -1.4813540171849057e-17, -5.294293626938881e-18, 1.0], "world_rotation": [-0.1276280613210114, 0.35710588544125776, 0.925303444577321, 4.1482206750932463e-17]}], "source": "action wait"}
{"timestamp": 1706068086.843585, "objects": [{"color": "cv_", "id_name": "hand", "shape": "CVCylinder", "id_string": "ob383", "world_size": [0.12, 0.005, 0.12], "id": 383, "camera_size": [52, 53], "camera_position": [245, 367], "world_position": [0.443241410677432, 0.7686746787595433, -0.17402273157906337], "world_orientation": [-3.613721376757176e-05, 0.18596160127213476, 0.9825570118554982, -0.0007479516723584993, -0.9825567426865827, 0.18596152281971853, 0.9999997196311595, -0.0007281850289024988, 0.00017459715371561724], "world_rotation": [0.0, 1.0, 0.0, 0.0]}, {"color": "CVGreen", "id_name": "object44602064047848", "shape": "CVBox", "id_string": "ob688", "world_size": [0.11, 0.11, 0.11], "id": 688, "camera_size": [45, 45], "camera_position": [256, 254], "world_position": [0.705, 0.6547388572526824, -0.15], "world_orientation": [1.0, -3.838362879530641e-17, 1.4813540171849057e-17, 3.838362879530641e-17, 1.0, 5.294293626938881e-18, -1.4813540171849057e-17, -5.294293626938881e-18, 1.0], "world_rotation": [-0.1276280613210114, 0.35710588544125776, 0.925303444577321, 4.1482206750932463e-17]}], "source": "action wait"}
{"timestamp": 1706068086.875847, "objects": [{"color": "cv_", "id_name": "hand", "shape": "CVCylinder", "id_string": "ob383", "world_size": [0.12, 0.005, 0.12], "id": 383, "camera_size": [53, 54], "camera_position": [245, 343], "world_position": [0.5003672394471855, 0.7912766310499414, -0.17403893895059835], "world_orientation": [1.6143680278557316e-05, 0.18318955254518257, 0.9830776101497162, -0.0007528110185684036, -0.9830773294844034, 0.18318951260752975, 0.9999997165074358, -0.0007430290099508302, 0.00012203662754675976], "world_rotation": [0.0, 1.0, 0.0, 0.0]}, {"color": "CVGreen", "id_name": "object44602064047848", "shape": "CVBox", "id_string": "ob688", "world_size": [0.11, 0.11, 0.11], "id": 688, "camera_size": [45, 45], "camera_position": [256, 254], "world_position": [0.705, 0.6547388572526824, -0.15], "world_orientation": [1.0, -3.838362879530641e-17, 1.4813540171849057e-17, 3.838362879530641e-17, 1.0, 5.294293626938881e-18, -1.4813540171849057e-17, -5.294293626938881e-18, 1.0], "world_rotation": [-0.1276280613210114, 0.35710588544125776, 0.925303444577321, 4.1482206750932463e-17]}], "source": "action wait"}
{"timestamp": 1706068086.906457, "objects": [{"color": "cv_", "id_name": "hand", "shape": "CVCylinder", "id_string": "ob383", "world_size": [0.12, 0.005, 0.12], "id": 383, "camera_size": [54, 54], "camera_position": [245, 318], "world_position": [0.5596440348425513, 0.8080161440694513, -0.17405262882747383], "world_orientation": [5.2764093347404776e-05, 0.18123002839541993, 0.983440732339141, -0.000756130302358657, -0.9834404453448473, 0.18123001607596503, 0.9999997127414169, -0.000753171775781292, 8.514317270773216e-05], "world_rotation": [0.0, 1.0, 0.0, 0.0]}, {"color": "CVGreen", "id_name": "object44602064047848", "shape": "CVBox", "id_string": "ob688", "world_size": [0.11, 0.11, 0.11], "id": 688, "camera_size": [45, 45], "camera_position": [256, 254], "world_position": [0.705, 0.6547388572526824, -0.15], "world_orientation": [1.0, -3.838362879530641e-17, 1.4813540171849057e-17, 3.838362879530641e-17, 1.0, 5.294293626938881e-18, -1.4813540171849057e-17, -5.294293626938881e-18, 1.0], "world_rotation": [-0.1276280613210114, 0.35710588544125776, 0.925303444577321, 4.1482206750932463e-17]}], "source": "action wait"}
{"timestamp": 1706068086.941669, "objects": [{"color": "cv_", "id_name": "hand", "shape": "CVCylinder", "id_string": "ob383", "world_size": [0.12, 0.005, 0.12], "id": 383, "camera_size": [54, 54], "camera_position": [245, 291], "world_position": [0.6205710783344193, 0.8141953422268814, -0.17406323741498939], "world_orientation": [7.414755667956711e-05, 0.17337693009678612, 0.9848555399713981, -0.0007643045421469694, -0.9848552451958424, 0.17337693574638, 0.9999997051703099, -0.0007655850387292127, 5.9488165062565386e-05], "world_rotation": [0.0, 1.0, 0.0, 0.0]}, {"color": "CVGreen", "id_name": "object44602064047848", "shape": "CVBox", "id_string": "ob688", "world_size": [0.11, 0.11, 0.11], "id": 688, "camera_size": [45, 45], "camera_position": [256, 254], "world_position": [0.705, 0.6547388572526824, -0.15], "world_orientation": [1.0, -3.838362879530641e-17, 1.4813540171849057e-17, 3.838362879530641e-17, 1.0, 5.294293626938881e-18, -1.4813540171849057e-17, -5.294293626938881e-18, 1.0], "world_rotation": [-0.1276280613210114, 0.35710588544125776, 0.925303444577321, 4.1482206750932463e-17]}], "source": "action wait"}
{"timestamp": 1706068086.976419, "objects": [{"color": "cv_", "id_name": "hand", "shape": "CVCylinder", "id_string": "ob383", "world_size": [0.12, 0.005, 0.12], "id": 383, "camera_size": [53, 53], "camera_position": [245, 264], "world_position": [0.6826717503004067, 0.7958584947309606, -0.17407092607394492], "world_orientation": [6.705040575320927e-05, 0.13982498604773339, 0.990176231173519, -0.0007772605047796484, -0.9901759270126899, 0.13982499572919063, 0.9999996956851291, -0.0007790001999611212, 4.228874156341931e-05], "world_rotation": [0.0, 1.0, 0.0, 0.0]}, {"color": "CVGreen", "id_name": "object44602064047848", "shape": "CVBox", "id_string": "ob688", "world_size": [0.11, 0.11, 0.11], "id": 688, "camera_size": [45, 45], "camera_position": [256, 254], "world_position": [0.705, 0.6547388572526824, -0.15], "world_orientation": [1.0, -3.838362879530641e-17, 1.4813540171849057e-17, 3.838362879530641e-17, 1.0, 5.294293626938881e-18, -1.4813540171849057e-17, -5.294293626938881e-18, 1.0], "world_rotation": [-0.1276280613210114, 0.35710588544125776, 0.925303444577321, 4.1482206750932463e-17]}], "source": "action wait"}
{"timestamp": 1706068087.01168, "objects": [{"color": "cv_", "id_name": "hand", "shape": "CVCylinder", "id_string": "ob383", "world_size": [0.12, 0.005, 0.12], "id": 383, "camera_size": [52, 52], "camera_position": [245, 239], "world_position": [0.7370267384933153, 0.7656752489228298, -0.1740726326486749], "world_orientation": [3.568162438642222e-05, 0.09827205646896667, 0.9951595860183341, -0.0007769613449457685, -0.9951592835539139, 0.09827205445867865, 0.9999996975288994, -0.0007767070369236859, 4.08446894046813e-05], "world_rotation": [0.0, 1.0, 0.0, 0.0]}, {"color": "CVGreen", "id_name": "object44602064047848", "shape": "CVBox", "id_string": "ob688", "world_size": [0.11, 0.11, 0.11], "id": 688, "camera_size": [45, 45], "camera_position": [256, 254], "world_position": [0.705, 0.6547388572526824, -0.15], "world_orientation": [1.0, -3.838362879530641e-17, 1.4813540171849057e-17, 3.838362879530641e-17, 1.0, 5.294293626938881e-18, -1.4813540171849057e-17, -5.294293626938881e-18, 1.0], "world_rotation": [-0.1276280613210114, 0.35710588544125776, 0.925303444577321, 4.1482206750932463e-17]}], "source": "action wait"}
{"timestamp": 1706068087.07901, "objects": [{"color": "cv_", "id_name": "hand", "shape": "CVCylinder", "id_string": "ob383", "world_size": [0.12, 0.005, 0.12], "id": 383, "camera_size": [51, 51], "camera_position": [246, 214], "world_position": [0.8000787818424366, 0.7216947923997793, -0.17407760174549353], "world_orientation": [-1.473937913752468e-06, 0.04799481338727152, 0.9988475849126074, -0.000765199681413416, -0.9988472925398919, 0.04799479820955014, 0.9999997072335947, -0.0007642471124032885, 3.819785480834133e-05], "world_rotation": [0.0, 1.0, 0.0, 0.0]}, {"color": "CVGreen", "id_name": "object44602064047848", "shape": "CVBox", "id_string": "ob688", "world_size": [0.11, 0.11, 0.11], "id": 688, "camera_size": [45, 45], "camera_position": [256, 254], "world_position": [0.705, 0.6547388572526824, -0.15], "world_orientation": [1.0, -3.838362879530641e-17, 1.4813540171849057e-17, 3.838362879530641e-17, 1.0, 5.294293626938881e-18, -1.4813540171849057e-17, -5.294293626938881e-18, 1.0], "world_rotation": [-0.1276280613210114, 0.35710588544125776, 0.925303444577321, 4.1482206750932463e-17]}], "source": "action wait"}
{"timestamp": 1706068087.106349, "objects": [{"color": "cv_", "id_name": "hand", "shape": "CVCylinder", "id_string": "ob383", "world_size": [0.12, 0.005, 0.12], "id": 383, "camera_size": [50, 50], "camera_position": [245, 206], "world_position": [0.8182206487670035, 0.7129935129343159, -0.17412213750098962], "world_orientation": [9.980294146360234e-06, 0.04086224706431746, 0.9991647895443717, -0.0007760828136274811, -0.9991644883768466, 0.04086224249965838, 0.9999996987978849, -0.0007758424383470847, 2.17405321785986e-05], "world_rotation": [0.0, 1.0, 0.0, 0.0]}, {"color": "CVGreen", "id_name": "object44602064047848", "shape": "CVBox", "id_string": "ob688", "world_size": [0.11, 0.11, 0.11], "id": 688, "camera_size": [45, 49], "camera_position": [256, 252], "world_position": [0.7092466502502783, 0.6555921548868274, -0.15002047284698702], "world_orientation": [0.9969974355087776, 0.07743457272301892, 2.3154358135792004e-05, -0.0774345757372891, 0.9969973530272885, 0.0004056315651560277, 8.325073158395685e-06, -0.00040620657812068554, 0.9999999174634513], "world_rotation": [-0.005242018784220933, 9.575232581992745e-05, -0.9999862559408295, 0.07751323567947803]}], "source": "action wait"}
{"timestamp": 1706068087.138244, "objects": [{"color": "cv_", "id_name": "hand", "shape": "CVCylinder", "id_string": "ob383", "world_size": [0.12, 0.005, 0.12], "id": 383, "camera_size": [49, 50], "camera_position": [246, 201], "world_position": [0.8308186528547777, 0.7054029306175109, -0.17414925617655078], "world_orientation": [1.5472400222933516e-05, 0.03422096557438175, 0.9994142911104292, -0.0007886335600168085, -0.9994139800231351, 0.03422096713164065, 0.999999688908808, -0.0007887011308299221, 1.1524468821201467e-05], "world_rotation": [0.0, 1.0, 0.0, 0.0]}, {"color": "CVGreen", "id_name": "object44602064047848", "shape": "CVBox", "id_string": "ob688", "world_size": [0.11, 0.11, 0.11], "id": 688, "camera_size": [46, 53], "camera_position": [255, 250], "world_position": [0.7143919350097612, 0.6586484186034425, -0.15002903021069638], "world_orientation": [0.9867142261118041, 0.162465483153717, 5.265180813539372e-05, -0.16246548643994485, 0.986714060084987, 0.0005738871255962374, 4.128456975960013e-05, -0.0005748166926288784, 0.9999998339406635], "world_rotation": [-0.0035352020796447113, 3.498333000060365e-05, -0.9999937505416836, 0.16318985247573684]}], "source": "action wait"}
{"timestamp": 1706068087.179082, "objects": [{"color": "cv_", "id_name": "hand", "shape": "CVCylinder", "id_string": "ob383", "world_size": [0.12, 0.005, 0.12], "id": 383, "camera_size": [49, 50], "camera_position": [246, 198], "world_position": [0.8397436766916672, 0.7009189970565627, -0.17417204946895135], "world_orientation": [2.187761873619126e-05, 0.030877858586996924, 0.9995231649994167, -0.0008036668109798643, -0.9995228419094789, 0.030877866196616473, 0.9999996768204612, -0.0008039591286999799, 2.9483304874525726e-06], "world_rotation": [0.0, 1.0, 0.0, 0.0]}, {"color": "CVGreen", "id_name": "object44602064047848", "shape": "CVBox", "id_string": "ob688", "world_size": [0.11, 0.11, 0.11], "id": 688, "camera_size": [47, 56], "camera_position": [256, 247], "world_position": [0.7199354574416786, 0.6602495599019678, -0.15004322548361332], "world_orientation": [0.968991250631436, 0.24709501318367583, 0.0001032447822653149, -0.24709501228522368, 0.9689908997518275, 0.0008313253931218723, 0.00010537310451142478, -0.0008310583031050665, 0.9999996491192413], "world_rotation": [0.0033638361869899203, 4.306663621214067e-06, 0.9999943422777751, -0.24968259663809803]}], "source": "action wait"}
{"timestamp": 1706068087.212434, "objects": [{"color": "cv_", "id_name": "hand", "shape": "CVCylinder", "id_string": "ob383", "world_size": [0.12, 0.005, 0.12], "id": 383, "camera_size": [49, 49], "camera_position": [246, 196], "world_position": [0.8459521634082766, 0.6967942963246319, -0.17418777721736187], "world_orientation": [2.2508614345607405e-05, 0.027274559841401095, 0.999627979739873, -0.0008128165817068341, -0.9996276492815385, 0.027274569127125257, 0.9999996694112288, -0.0008131281102289554, -3.3101874868182327e-07], "world_rotation": [0.0, 1.0, 0.0, 0.0]}, {"color": "CVGreen", "id_name": "object44602064047848", "shape": "CVBox", "id_string": "ob688", "world_size": [0.11, 0.11, 0.11], "id": 688, "camera_size": [47, 58], "camera_position": [256, 245], "world_position": [0.7241274097089784, 0.6608281464751564, -0.15005447447362147], "world_orientation": [0.951739620191747, 0.3069066185880787, 0.0001510764744063239, -0.3069066067168233, 0.9517390744361643, 0.0010338979440602041, 0.00017352473805613066, -0.0010303680047116727, 0.9999994541153211], "world_rotation": [0.0033630006475390056, 3.6571608050474696e-05, 0.9999943444285884, -0.3119428999989053]}], "source": "action wait"}
{"timestamp": 1706068087.247964, "objects": [{"color": "cv_", "id_name": "hand", "shape": "CVCylinder", "id_string": "ob383", "world_size": [0.12, 0.005, 0.12], "id": 383, "camera_size": [49, 50], "camera_position": [246, 194], "world_position": [0.8503214079974698, 0.6937190792757938, -0.17419661359928326], "world_orientation": [2.1254194946997303e-05, 0.024568108898099572, 0.999698158232489, -0.0008184107485921831, -0.9996978232338906, 0.02456811806524649, 0.9999996648759968, -0.0008186858936164725, -1.1409680279270082e-06], "world_rotation": [0.0, 1.0, 0.0, 0.0]}, {"color": "CVGreen", "id_name": "object44602064047848", "shape": "CVBox", "id_string": "ob688", "world_size": [0.11, 0.11, 0.11], "id": 688, "camera_size": [47, 60], "camera_position": [256, 244], "world_position": [0.7272526713355748, 0.6612210312238019, -0.15006168832973854], "world_orientation": [0.9369445612509124, 0.3494779651785569, 0.00020247713616721073, -0.3494779534058878, 0.9369438473677827, 0.0011776938861790905, 0.00022186835598057877, -0.001174195176633152, 0.999999286019805], "world_rotation": [0.0033648413084532334, 2.7742965636014143e-05, 0.9999943385206223, -0.35701598392300055]}], "source": "action wait"}
{"timestamp": 1706068087.284634, "objects": [{"color": "cv_", "id_name": "hand", "shape": "CVCylinder", "id_string": "ob383", "world_size": [0.12, 0.005, 0.12], "id": 383, "camera_size": [49, 49], "camera_position": [246, 193], "world_position": [0.8534062682991467, 0.6915142625836733, -0.17420203363921807], "world_orientation": [1.9723304268352498e-05, 0.022645275806755676, 0.9997435626672609, -0.0008218442043225671, -0.9997432248672443, 0.022645284368860527, 0.9999996620914905, -0.0008220800926210896, -1.10735113684318e-06], "world_rotation": [0.0, 1.0, 0.0, 0.0]}, {"color": "CVGreen", "id_name": "object44602064047848", "shape": "CVBox", "id_string": "ob688", "world_size": [0.11, 0.11, 0.11], "id": 688, "camera_size": [47, 60], "camera_position": [256, 243], "world_position": [0.7295491289748657, 0.661534008137403, -0.1500668898131836], "world_orientation": [0.92507729713022, 0.3797787931892371, 0.00025015589805181114, -0.3797787867343067, 0.9250764294972409, 0.0012933426671022864, 0.0002597707923048104, -0.001291445842202721, 0.9999991323430096], "world_rotation": [0.003402998812639265, 1.2658472292344815e-05, 0.9999942097026583, -0.3895595358857693]}], "source": "action wait"}
{"timestamp": 1706068087.317977, "objects": [{"color": "cv_", "id_name": "hand", "shape": "CVCylinder", "id_string": "ob383", "world_size": [0.12, 0.005, 0.12], "id": 383, "camera_size": [49, 49], "camera_position": [246, 192], "world_position": [0.8555879260693277, 0.6899586704328515, -0.17420706056419896], "world_orientation": [1.9124419725659466e-05, 0.0213073489315381, 0.9997729724871375, -0.0008239522685649623, -0.9997726329625508, 0.02130735745671404, 0.9999996603684002, -0.0008241726995783194, -1.5638329733596752e-06], "world_rotation": [0.0, 1.0, 0.0, 0.0]}, {"color": "CVGreen", "id_name": "object44602064047848", "shape": "CVBox", "id_string": "ob688", "world_size": [0.11, 0.11, 0.11], "id": 688, "camera_size": [47, 61], "camera_position": [256, 243], "world_position": [0.7312186962026583, 0.6617940702399314, -0.1500712041444873], "world_orientation": [0.9159209919469585, 0.4013584987499695, 0.00030330194589329133, -0.401358511969137, 0.9159199619440773, 0.001402919199425936, 0.0002852732370089545, -0.0014066959624407108, 0.9999989699122944], "world_rotation": [-0.0035001101429411176, 2.24594697831413e-05, -0.999993874343518, 0.4130022615215338]}], "source": "action wait"}
{"timestamp": 1706068087.349041, "objects": [{"color": "cv_", "id_name": "hand", "shape": "CVCylinder", "id_string": "ob383", "world_size": [0.12, 0.005, 0.12], "id": 383, "camera_size": [49, 49], "camera_position": [246, 192], "world_position": [0.857008517077307, 0.687906194112017, -0.1742129230352549], "world_orientation": [1.9043960872207156e-05, 0.01899824201350837, 0.9998195169317928, -0.0008254662651031334, -0.9998191761785958, 0.01899825126161345, 0.9999996591213283, -0.0008256790843729297, -3.3581093916428323e-06], "world_rotation": [0.0, 1.0, 0.0, 0.0]}, {"color": "CVGreen", "id_name": "object44602064047848", "shape": "CVBox", "id_string": "ob688", "world_size": [0.11, 0.11, 0.11], "id": 688, "camera_size": [47, 62], "camera_position": [256, 242], "world_position": [0.7316808237167975, 0.6628214621623985, -0.15007320117063483], "world_orientation": [0.8978360632142871, 0.4403296573959637, 0.00044318102847191516, -0.44032980404612815, 0.8978348599384377, 0.0014926312420317149, 0.0002593464267968819, -0.001535283973600407, 0.999998787820541], "world_rotation": [-0.0034382157748711396, 0.00020874528592581458, -0.9999940675312483, 0.4559688002883603]}], "source": "action wait"}
{"timestamp": 1706068087.379359, "objects": [{"color": "cv_", "id_name": "hand", "shape": "CVCylinder", "id_string": "ob383", "world_size": [0.12, 0.005, 0.12], "id": 383, "camera_size": [49, 49], "camera_position": [246, 192], "world_position": [0.8575760174698587, 0.6831879930349842, -0.17419601289435277], "world_orientation": [1.3007215172890762e-05, 0.012971451916695308, 0.9999158670938196, -0.000815230550249264, -0.9999155347683357, 0.012971458210360423, 0.9999996676149259, -0.0008153306850822702, -2.431392631471994e-06], "world_rotation": [0.0, 1.0, 0.0, 0.0]}, {"color": "CVGreen", "id_name": "object44602064047848", "shape": "CVBox", "id_string": "ob688", "world_size": [0.11, 0.11, 0.11], "id": 688, "camera_size": [47, 65], "camera_position": [256, 244], "world_position": [0.7290285117081357, 0.6678425617001332, -0.15005892087989692], "world_orientation": [0.8216977675517023, 0.5699230913368204, 0.0006698967318400247, -0.569923462301991, 0.8216968351086044, 0.0012483149500687068, 0.00016099149090258025, -0.001407527472467926, 0.9999989964735735], "world_rotation": [-0.0023299934015143654, 0.000446466945221773, -0.9999971858950482, 0.6064144325203651]}], "source": "action wait"}
{"timestamp": 1706068087.40776, "objects": [{"color": "cv_", "id_name": "hand", "shape": "CVCylinder", "id_string": "ob383", "world_size": [0.12, 0.005, 0.12], "id": 383, "camera_size": [49, 49], "camera_position": [246, 192], "world_position": [0.8578993148064235, 0.6795960519759082, -0.17416438080323282], "world_orientation": [6.672127137703371e-06, 0.00864026534966798, 0.9999626721884024, -0.0007971925675467433, -0.9999623544185187, 0.008640267923118356, 0.999999682219696, -0.0007972204590592216, 2.160793571677204e-07], "world_rotation": [0.0, 1.0, 0.0, 0.0]}, {"color": "CVGreen", "id_name": "object44602064047848", "shape": "CVBox", "id_string": "ob688", "world_size": [0.11, 0.11, 0.11], "id": 688, "camera_size": [47, 66], "camera_position": [256, 244], "world_position": [0.7266655283163456, 0.6719969758888059, -0.1500245914215375], "world_orientation": [0.7433851291397554, 0.668862367078965, 0.0012975667201367924, -0.6688634662931523, 0.743384892449631, 0.0007517552525199666, -0.00046177069903056007, -0.0014267386496533765, 0.9999988755916914], "world_rotation": [-0.001628501950912059, 0.001315167518517408, -0.9999978091554972, 0.7326801034637588]}], "source": "action wait"}
{"timestamp": 1706068087.44064, "objects": [{"color": "cv_", "id_name": "hand", "shape": "CVCylinder", "id_string": "ob383", "world_size": [0.12, 0.005, 0.12], "id": 383, "camera_size": [49, 49], "camera_position": [246, 192], "world_position": [0.8581466743370736, 0.6772608384691546, -0.17416039892134655], "world_orientation": [6.846452821642991e-06, 0.0056439173443854585, 0.9999840729482325, -0.000794003176686889, -0.9999837577254366, 0.005643921001458006, 0.9999996847559911, -0.000794029171396421, -2.3650533189186986e-06], "world_rotation": [0.0, 1.0, 0.0, 0.0]}, {"color": "CVGreen", "id_name": "object44602064047848", "shape": "CVBox", "id_string": "ob688", "world_size": [0.11, 0.11, 0.11], "id": 688, "camera_size": [47, 67], "camera_position": [256, 245], "world_position": [0.7258519583002624, 0.6723685076713669, -0.15002019185207308], "world_orientation": [0.7186175353995597, 0.6954033912304011, 0.0017208374473969465, -0.6954051045450492, 0.7186176116909421, 0.0006846461097031999, -0.0007605188700764245, -0.0016886778449879195, 0.9999982849876214], "world_rotation": [-0.0017064295546534716, 0.0017841052619020728, -0.9999969525286513, 0.7689852313942825]}], "source": "action wait"}
{"timestamp": 1706068087.472576, "objects": [{"color": "cv_", "id_name": "hand", "shape": "CVCylinder", "id_string": "ob383", "world_size": [0.12, 0.005, 0.12], "id": 383, "camera_size": [49, 49], "camera_position": [246, 192], "world_position": [0.8583751497184563, 0.6757298259691626, -0.1741656376607604], "world_orientation": [5.914333640060462e-06, 0.0035597458137327626, 0.9999936640673093, -0.0007963374187829771, -0.9999933469933495, 0.0035597493948583566, 0.9999996829058178, -0.0007963534267886609, -3.0795354987953056e-06], "world_rotation": [0.0, 1.0, 0.0, 0.0]}, {"color": "CVGreen", "id_name": "object44602064047848", "shape": "CVBox", "id_string": "ob688", "world_size": [0.11, 0.11, 0.11], "id": 688, "camera_size": [47, 67], "camera_position": [256, 245], "world_position": [0.726030006305296, 0.6717121209572497, -0.15002412968516954], "world_orientation": [0.7169231862348165, 0.6971499673780457, 0.001751577491425675, -0.6971517948638993, 0.7169231386520242, 0.0007669311405621237, -0.0007210804131210417, -0.0017709461089051156, 0.9999981718947876], "world_rotation": [-0.0018201720197330447, 0.0017733965396366086, -0.9999967710140527, 0.7714188319876876]}], "source": "action wait"}
{"timestamp": 1706068087.506573, "objects": [{"color": "cv_", "id_name": "hand", "shape": "CVCylinder", "id_string": "ob383", "world_size": [0.12, 0.005, 0.12], "id": 383, "camera_size": [49, 49], "camera_position": [246, 192], "world_position": [0.8585382070627124, 0.6746573887639509, -0.174168645835331], "world_orientation": [4.790934996805241e-06, 0.002091556467227421, 0.9999978126819036, -0.0007983101825193377, -0.999997494036453, 0.002091559625421891, 0.999999681338899, -0.0007983184568875983, -3.1212121654132164e-06], "world_rotation": [0.0, 1.0, 0.0, 0.0]}, {"color": "CVGreen", "id_name": "object44602064047848", "shape": "CVBox", "id_string": "ob688", "world_size": [0.11, 0.11, 0.11], "id": 688, "camera_size": [47, 67], "camera_position": [256, 245], "world_position": [0.7261550535900049, 0.6712387467424293, -0.15002627778741628], "world_orientation": [0.7156953947355307, 0.6984103009804985, 0.001775792409719782, -0.6984122143720024, 0.715695252862761, 0.0008269496385807663, -0.0006933760517292637, -0.0018320791571478524, 0.999998081355966], "world_rotation": [-0.0019036203914422776, 0.001767697830377418, -0.9999966257312, 0.7731785236683493]}], "source": "action wait"}
{"timestamp": 1706068087.541514, "objects": [{"color": "cv_", "id_name": "hand", "shape": "CVCylinder", "id_string": "ob383", "world_size": [0.12, 0.005, 0.12], "id": 383, "camera_size": [49, 49], "camera_position": [246, 192], "world_position": [0.8586620041327795, 0.6739112315285153, -0.17417152884028522], "world_orientation": [4.122396387338457e-06, 0.0010583439495740012, 0.9999994399453883, -0.0008000608747761314, -0.9999991199018211, 0.0010583469090278852, 0.9999996799427501, -0.0008000647896241906, -3.2756531727585906e-06], "world_rotation": [0.0, 1.0, 0.0, 0.0]}, {"color": "CVGreen", "id_name": "object44602064047848", "shape": "CVBox", "id_string": "ob688", "world_size": [0.11, 0.11, 0.11], "id": 688, "camera_size": [47, 66], "camera_position": [256, 244], "world_position": [0.7262444206712118, 0.670865101500152, -0.15002791646851374], "world_orientation": [0.7147759231245946, 0.6993512185592292, 0.0018035579017563856, -0.6993532213468051, 0.7147756941508667, 0.0008825208175344678, -0.0006719473420225841, -0.0018921286605086839, 0.999997984165919], "world_rotation": [-0.0019837212165211894, 0.0017698496017439754, -0.9999964662350174, 0.7744942833977368]}], "source": "action wait"}
{"timestamp": 1706068087.574252, "objects": [{"color": "cv_", "id_name": "hand", "shape": "CVCylinder", "id_string": "ob383", "world_size": [0.12, 0.005, 0.12], "id": 383, "camera_size": [49, 49], "camera_position": [246, 192], "world_position": [0.8587508448600801, 0.6733885582528899, -0.1741738464187555], "world_orientation": [2.811124056922987e-06, 0.00033062589103661794, 0.9999999453393074, -0.0008014174707105768, -0.9999996242074987, 0.0003306280377466589, 0.9999996788610162, -0.0008014183563413387, -2.546153634796365e-06], "world_rotation": [0.0, 1.0, 0.0, 0.0]}, {"color": "CVGreen", "id_name": "object44602064047848", "shape": "CVBox", "id_string": "ob688", "world_size": [0.11, 0.11, 0.11], "id": 688, "camera_size": [47, 66], "camera_position": [256, 244], "world_position": [0.7263061097028249, 0.6705931671813911, -0.1500290400820943], "world_orientation": [0.7141007032621449, 0.7000405928535866, 0.0018313813664374368, -0.7000426820288639, 0.7141003946219329, 0.0009325977883311039, -0.0006549338478389785, -0.0019480138600865117, 0.999997888149598], "world_rotation": [-0.002057449768184371, 0.0017758272497635451, -0.9999963066621949, 0.7754594229938243]}], "source": "action wait"}
{"timestamp": 1706068089.197891, "objects": [{"color": "cv_", "id_name": "hand", "shape": "CVCylinder", "id_string": "ob383", "world_size": [0.12, 0.005, 0.12], "id": 383, "camera_size": [49, 49], "camera_position": [246, 192], "world_position": [0.8589317701691624, 0.6721404882055662, -0.17416407816112284], "world_orientation": [5.330569585226949e-07, -0.001405147950706911, 0.9999990127789891, -0.0008055310516660314, -0.9999986883398646, -0.0014051470654266429, 0.9999996755596677, -0.0008055295074057959, -1.6649465654493552e-06], "world_rotation": [0.0, 1.0, 0.0, 0.0]}, {"color": "CVGreen", "id_name": "object44602064047848", "shape": "CVBox", "id_string": "ob688", "world_size": [0.11, 0.11, 0.11], "id": 688, "camera_size": [47, 66], "camera_position": [256, 244], "world_position": [0.7262374089075336, 0.6699519188345904, -0.14999916952744313], "world_orientation": [0.710447107244895, 0.7037465537908234, 0.002386594833711609, -0.7037504765608118, 0.7104449100163537, 0.0018156465200080028, -0.0004177891705238056, -0.002969488069501062, 0.9999955037862991], "world_rotation": [-0.003399721160699863, 0.0019924462862194047, -0.9999922359967731, 0.7806677559631588]}], "source": "action wait"}
{"timestamp": 1706068089.225227, "objects": [{"color": "cv_", "id_name": "hand", "shape": "CVCylinder", "id_string": "ob383", "world_size": [0.12, 0.005, 0.12], "id": 383, "camera_size": [49, 49], "camera_position": [246, 203], "world_position": [0.8306626841184394, 0.6727812689962998, -0.17410547080383226], "world_orientation": [-5.4630887615706e-05, -0.0023065828418998876, 0.9999973383419876, -0.0008061737107365708, -0.9999970147754489, -0.0023066261376671845, 0.9999996735496539, -0.0008062975780115233, 5.27712180818167e-05], "world_rotation": [0.0, 1.0, 0.0, 0.0]}, {"color": "CVGreen", "id_name": "object44602064047848", "shape": "CVBox", "id_string": "ob688", "world_size": [0.11, 0.11, 0.11], "id": 688, "camera_size": [47, 66], "camera_position": [256, 256], "world_position": [0.6994435619409377, 0.6692456517691765, -0.14998125630558892], "world_orientation": [0.7305396900813341, 0.6828678425173411, 0.0018085551084239693, -0.6828702109854896, 0.7305378371787056, 0.0016563208904150552, -0.0001901696643724157, -0.002445016558427415, 0.9999969928602425], "world_rotation": [-0.0030030023351014495, 0.0014634677674783055, -0.9999944201039669, 0.7516879424735897]}], "source": "action wait"}
{"timestamp": 1706068089.250982, "objects": [{"color": "cv_", "id_name": "hand", "shape": "CVCylinder", "id_string": "ob383", "world_size": [0.12, 0.005, 0.12], "id": 383, "camera_size": [49, 48], "camera_position": [246, 217], "world_position": [0.7950325574920539, 0.6754221862460114, -0.17411123750349125], "world_orientation": [-3.729429947748952e-05, -0.0020746073394714705, 0.9999978473044442, -0.0007940234940667015, -0.9999975327024143, -0.002074636299407771, 0.9999996840678633, -0.0007940991568836766, 3.5646920493211904e-05], "world_rotation": [0.0, 1.0, 0.0, 0.0]}, {"color": "CVGreen", "id_name": "object44602064047848", "shape": "CVBox", "id_string": "ob688", "world_size": [0.11, 0.11, 0.11], "id": 688, "camera_size": [47, 66], "camera_position": [256, 271], "world_position": [0.6632966998157666, 0.6712770305097191, -0.1499843111479548], "world_orientation": [0.726330930503815, 0.6873377692005853, -0.003189110193340612, -0.6873368528372871, 0.7263371477976378, 0.0015486965248600077, 0.0033808468164093705, 0.0010671267756724547, 0.9999937155378771], "world_rotation": [0.00035031142069400254, 0.004779226639270645, 0.9999885180714022, -0.7578276221503346]}], "source": "action wait"}
{"timestamp": 1706068089.281579, "objects": [{"color": "cv_", "id_name": "hand", "shape": "CVCylinder", "id_string": "ob383", "world_size": [0.12, 0.005, 0.12], "id": 383, "camera_size": [49, 49], "camera_position": [246, 228], "world_position": [0.769615330377914, 0.6759350258024711, -0.17412426174676243], "world_orientation": [-2.122592545092425e-05, -0.0018546978892599846, 0.9999982798211204, -0.0007933390353222922, -0.9999979653222373, -0.0018547141453423978, 0.999999685081268, -0.0007933770386617885, 1.97544780290868e-05], "world_rotation": [0.0, 1.0, 0.0, 0.0]}, {"color": "CVGreen", "id_name": "object44602064047848", "shape": "CVBox", "id_string": "ob688", "world_size": [0.11, 0.11, 0.11], "id": 688, "camera_size": [47, 66], "camera_position": [256, 282], "world_position": [0.6377220081678714, 0.671752163384344, -0.1499916492275461], "world_orientation": [0.7260740582902571, 0.68754678833306, -0.009791615332049475, -0.6875684103209035, 0.7261180809156162, 0.0014878495247030383, 0.008132835096204133, 0.005652116445804679, 0.9999509540837396], "world_rotation": [-0.003028032931270758, 0.013033704899330444, 0.9999104727690197, -0.758204868686689]}], "source": "action wait"}
{"timestamp": 1706068089.315773, "objects": [{"color": "cv_", "id_name": "hand", "shape": "CVCylinder", "id_string": "ob383", "world_size": [0.12, 0.005, 0.12], "id": 383, "camera_size": [49, 49], "camera_position": [246, 235], "world_position": [0.751677382920792, 0.6755976579186341, -0.17412289187359917], "world_orientation": [-1.8216323232496134e-05, -0.0016993846727775572, 0.9999985558789072, -0.000795510502544005, -0.9999982396021247, -0.0016993986265978489, 0.9999996834155528, -0.0007955403105255663, 1.686441280980999e-05], "world_rotation": [0.0, 1.0, 0.0, 0.0]}, {"color": "CVGreen", "id_name": "object44602064047848", "shape": "CVBox", "id_string": "ob688", "world_size": [0.11, 0.11, 0.11], "id": 688, "camera_size": [47, 67], "camera_position": [256, 290], "world_position": [0.6199141852045689, 0.6714608416763681, -0.1499927669028479], "world_orientation": [0.7277218798492625, 0.6857699283166481, -0.011852046457681627, -0.6858049732131495, 0.7277839427383684, 0.001439238794168104, 0.009612715785197047, 0.0070808268425873525, 0.9999287262532557], "world_rotation": [-0.004112680694422925, 0.015647670926876755, 0.9998691095598814, -0.7558084634170106]}], "source": "action wait"}
