{"timestamp": 1706031266.49225, "objects": [{"color": "cv_", "id_name": "hand", "shape": "CVCylinder", "id_string": "ob382", "world_size": [0.12, 0.005, 0.12], "id": 382, "camera_size": [48, 50], "camera_position": [246, 426], "world_position": [0.26764451554002633, 0.6334703013847398, -0.17389260400847836], "world_orientation": [-0.0006415511433848295, 0.19791547486656438, 0.9802188802611754, -0.0007473675235407527, -0.9802189031249371, 0.19791499033254215, 0.99999951492684, -0.0006056111687281318, 0.0007767761563890728], "world_rotation": [0.0, 1.0, 0.0, 0.0]}, {"color": "CVPurple", "id_name": "object276580529796959", "shape": "CVSphere", "id_string": "ob1135", "world_size": [0.1, 0.1, 0.1], "id": 1135, "camera_size": [41, 41], "camera_position": [256, 254], "world_position": [0.705, 0.649803795681077, -0.15], "world_orientation": [1.0, 1.9184653865522657e-17, -9.55897242464241e-18, -1.9184653865522657e-17, 1.0, -1.6626700016786308e-16, 9.55897242464241e-18, 1.6626700016786308e-16, 1.0], "world_rotation": [-0.9917927042003282, 0.05701984820103169, 0.11443761971542243, -1.67642894995807e-16]}], "source": "manual check"}
{"timestamp": 1706031267.518227, "objects": [{"color": "cv_", "id_name": "hand", "shape": "CVCylinder", "id_string": "ob382", "world_size": [0.12, 0.005, 0.12], "id": 382, "camera_size": [48, 50], "camera_position": [246, 426], "world_position": [0.26764451554002633, 0.6334703013847398, -0.17389260400847836], "world_orientation": [-0.0006415511433848295, 0.19791547486656438, 0.9802188802611754, -0.0007473675235407527, -0.9802189031249371, 0.19791499033254215, 0.99999951492684, -0.0006056111687281318, 0.0007767761563890728], "world_rotation": [0.0, 1.0, 0.0, 0.0]}, {"color": "CVPurple", "id_name": "object276580529796959", "shape": "CVSphere", "id_string": "ob1135", "world_size": [0.1, 0.1, 0.1], "id": 1135, "camera_size": [41, 41], "camera_position": [256, 254], "world_position": [0.705, 0.6498037994254439, -0.15], "world_orientation": [1.0, 8.100187187665134e-17, -1.2653630886983698e-17, -8.100187187665134e-17, 1.0, -1.9397816686250694e-16, 1.2653630886983698e-17, 1.9397816686250694e-16, 1.0], "world_rotation": [-0.9211093596285536, 0.06008602943210125, 0.38463907325148433, -2.1059189642881336e-16]}], "source": "manual check"}
{"timestamp": 1706031269.803181, "objects": [{"color": "cv_", "id_name": "hand", "shape": "CVCylinder", "id_string": "ob382", "world_size": [0.12, 0.005, 0.12], "id": 382, "camera_size": [48, 50], "camera_position": [246, 426], "world_position": [0.26764451554002633, 0.6334703013847398, -0.17389260400847836], "world_orientation": [-0.0006415511433848295, 0.19791547486656438, 0.9802188802611754, -0.0007473675235407527, -0.9802189031249371, 0.19791499033254215, 0.99999951492684, -0.0006056111687281318, 0.0007767761563890728], "world_rotation": [0.0, 1.0, 0.0, 0.0]}, {"color": "CVPurple", "id_name": "object276580529796959", "shape": "CVSphere", "id_string": "ob1135", "world_size": [0.1, 0.1, 0.1], "id": 1135, "camera_size": [41, 41], "camera_position": [256, 254], "world_position": [0.705, 0.6498037994254439, -0.15], "world_orientation": [1.0, 8.100187187665134e-17, -1.2653630886983698e-17, -8.100187187665134e-17, 1.0, -1.9397816686250694e-16, 1.2653630886983698e-17, 1.9397816686250694e-16, 1.0], "world_rotation": [-0.9211093596285536, 0.06008602943210125, 0.38463907325148433, -2.1059189642881336e-16]}], "source": "action wait"}
{"timestamp": 1706031269.838701, "objects": [{"color": "cv_", "id_name": "hand", "shape": "CVCylinder", "id_string": "ob382", "world_size": [0.12, 0.005, 0.12], "id": 382, "camera_size": [49, 51], "camera_position": [246, 421], "world_position": [0.2916894836045728, 0.6683325533839949, -0.17395582991382008], "world_orientation": [-0.0003786023188104084, 0.2035104493979884, 0.97907270089923, -0.0007137675290832409, -0.9790725766634235, 0.20351014756409416, 0.9999996735980461, -0.0006217808887447693, 0.0005159382984183062], "world_rotation": [0.0, 1.0, 0.0, 0.0]}, {"color": "CVPurple", "id_name": "object276580529796959", "shape": "CVSphere", "id_string": "ob1135", "world_size": [0.1, 0.1, 0.1], "id": 1135, "camera_size": [41, 41], "camera_position": [256, 254], "world_position": [0.705, 0.6498037994254439, -0.15], "world_orientation": [1.0, 8.100187187665134e-17, -1.2653630886983698e-17, -8.100187187665134e-17, 1.0, -1.9397816686250694e-16, 1.2653630886983698e-17, 1.9397816686250694e-16, 1.0], "world_rotation": [-0.9211093596285536, 0.06008602943210125, 0.38463907325148433, -2.1059189642881336e-16]}], "source": "action wait"}
{"timestamp": 1706031269.88187, "objects": [{"color": "cv_", "id_name": "hand", "shape": "CVCylinder", "id_string": "ob382", "world_size": [0.12, 0.005, 0.12], "id": 382, "camera_size": [51, 52], "camera_position": [246, 406], "world_position": [0.33813400226646634, 0.7069213540123218, -0.17398358753890747], "world_orientation": [-0.00021580872702173896, 0.19596091500294882, 0.9806116831946275, -0.0007296141084531555, -0.980611475877409, 0.1959607130033531, 0.9999997105448812, -0.000673178086953553, 0.000354600362603982], "world_rotation": [0.0, 1.0, 0.0, 0.0]}, {"color": "CVPurple", "id_name": "object276580529796959", "shape": "CVSphere", "id_string": "ob1135", "world_size": [0.1, 0.1, 0.1], "id": 1135, "camera_size": [41, 41], "camera_position": [256, 254], "world_position": [0.705, 0.6498037994254439, -0.15], "world_orientation": [1.0, 8.100187187665134e-17, -1.2653630886983698e-17, -8.100187187665134e-17, 1.0, -1.9397816686250694e-16, 1.2653630886983698e-17, 1.9397816686250694e-16, 1.0], "world_rotation": [-0.9211093596285536, 0.06008602943210125, 0.38463907325148433, -2.1059189642881336e-16]}], "source": "action wait"}
{"timestamp": 1706031269.914934, "objects": [{"color": "cv_", "id_name": "hand", "shape": "CVCylinder", "id_string": "ob382", "world_size": [0.12, 0.005, 0.12], "id": 382, "camera_size": [51, 53], "camera_position": [246, 388], "world_position": [0.3889926274230984, 0.740526684872446, -0.1740041535735491], "world_orientation": [-0.00010996869914640134, 0.19056261820064188, 0.981675036074261, -0.000740586723835638, -0.9816747883206391, 0.190562487145117, 0.9999997197190555, -0.0007060595900203072, 0.0002490816445556215], "world_rotation": [0.0, 1.0, 0.0, 0.0]}, {"color": "CVPurple", "id_name": "object276580529796959", "shape": "CVSphere", "id_string": "ob1135", "world_size": [0.1, 0.1, 0.1], "id": 1135, "camera_size": [41, 41], "camera_position": [256, 254], "world_position": [0.705, 0.6498037994254439, -0.15], "world_orientation": [1.0, 8.100187187665134e-17, -1.2653630886983698e-17, -8.100187187665134e-17, 1.0, -1.9397816686250694e-16, 1.2653630886983698e-17, 1.9397816686250694e-16, 1.0], "world_rotation": [-0.9211093596285536, 0.06008602943210125, 0.38463907325148433, -2.1059189642881336e-16]}], "source": "action wait"}
{"timestamp": 1706031269.945195, "objects": [{"color": "cv_", "id_name": "hand", "shape": "CVCylinder", "id_string": "ob382", "world_size": [0.12, 0.005, 0.12], "id": 382, "camera_size": [52, 53], "camera_position": [245, 367], "world_position": [0.44332234323057673, 0.768775606316976, -0.1740227381455501], "world_orientation": [-3.546540027781561e-05, 0.18675031904014897, 0.982407408909668, -0.0007478197452531063, -0.9824071397824087, 0.18675024088384923, 0.9999997197538778, -0.0007280404862209566, 0.0001744970384591334], "world_rotation": [0.0, 1.0, 0.0, 0.0]}, {"color": "CVPurple", "id_name": "object276580529796959", "shape": "CVSphere", "id_string": "ob1135", "world_size": [0.1, 0.1, 0.1], "id": 1135, "camera_size": [41, 41], "camera_position": [256, 254], "world_position": [0.705, 0.6498037994254439, -0.15], "world_orientation": [1.0, 8.100187187665134e-17, -1.2653630886983698e-17, -8.100187187665134e-17, 1.0, -1.9397816686250694e-16, 1.2653630886983698e-17, 1.9397816686250694e-16, 1.0], "world_rotation": [-0.9211093596285536, 0.06008602943210125, 0.38463907325148433, -2.1059189642881336e-16]}], "source": "action wait"}
{"timestamp": 1706031269.968076, "objects": [{"color": "cv_", "id_name": "hand", "shape": "CVCylinder", "id_string": "ob382", "world_size": [0.12, 0.005, 0.12], "id": 382, "camera_size": [53, 54], "camera_position": [245, 343], "world_position": [0.5004562489780155, 0.7913883965164956, -0.1740389539661877], "world_orientation": [1.6883688924395915e-05, 0.1840573791259727, 0.9829155003886239, -0.0007526737723310931, -0.9829152197701273, 0.18405733950710937, 0.9999997165985267, -0.0007429222844250091, 0.00012193992706289218], "world_rotation": [0.0, 1.0, 0.0, 0.0]}, {"color": "CVPurple", "id_name": "object276580529796959", "shape": "CVSphere", "id_string": "ob1135", "world_size": [0.1, 0.1, 0.1], "id": 1135, "camera_size": [41, 41], "camera_position": [256, 254], "world_position": [0.705, 0.6498037994254439, -0.15], "world_orientation": [1.0, 8.100187187665134e-17, -1.2653630886983698e-17, -8.100187187665134e-17, 1.0, -1.9397816686250694e-16, 1.2653630886983698e-17, 1.9397816686250694e-16, 1.0], "world_rotation": [-0.9211093596285536, 0.06008602943210125, 0.38463907325148433, -2.1059189642881336e-16]}], "source": "action wait"}
{"timestamp": 1706031269.998433, "objects": [{"color": "cv_", "id_name": "hand", "shape": "CVCylinder", "id_string": "ob382", "world_size": [0.12, 0.005, 0.12], "id": 382, "camera_size": [54, 54], "camera_position": [245, 318], "world_position": [0.5597387883937655, 0.8081354715756589, -0.17405265170596768], "world_orientation": [5.355222616599163e-05, 0.18215371931169774, 0.9832700644650351, -0.0007559894305777548, -0.9832697775211836, 0.18215370732824274, 0.9999997128060287, -0.0007530965126711843, 8.505000103249628e-05], "world_rotation": [0.0, 1.0, 0.0, 0.0]}, {"color": "CVPurple", "id_name": "object276580529796959", "shape": "CVSphere", "id_string": "ob1135", "world_size": [0.1, 0.1, 0.1], "id": 1135, "camera_size": [41, 41], "camera_position": [256, 254], "world_position": [0.705, 0.6498037994254439, -0.15], "world_orientation": [1.0, 8.100187187665134e-17, -1.2653630886983698e-17, -8.100187187665134e-17, 1.0, -1.9397816686250694e-16, 1.2653630886983698e-17, 1.9397816686250694e-16, 1.0], "world_rotation": [-0.9211093596285536, 0.06008602943210125, 0.38463907325148433, -2.1059189642881336e-16]}], "source": "action wait"}
{"timestamp": 1706031270.032083, "objects": [{"color": "cv_", "id_name": "hand", "shape": "CVCylinder", "id_string": "ob382", "world_size": [0.12, 0.005, 0.12], "id": 382, "camera_size": [54, 54], "camera_position": [245, 291], "world_position": [0.6206732712846552, 0.8142423907529671, -0.17406325673846695], "world_orientation": [7.490091946743106e-05, 0.17423118145077682, 0.9847047729142572, -0.000764265724399202, -0.9847044781185953, 0.17423118742374397, 0.999999705143834, -0.0007656261827288907, 5.9403649290049223e-05], "world_rotation": [0.0, 1.0, 0.0, 0.0]}, {"color": "CVPurple", "id_name": "object276580529796959", "shape": "CVSphere", "id_string": "ob1135", "world_size": [0.1, 0.1, 0.1], "id": 1135, "camera_size": [41, 41], "camera_position": [256, 254], "world_position": [0.705, 0.6498037994254439, -0.15], "world_orientation": [1.0, 8.100187187665134e-17, -1.2653630886983698e-17, -8.100187187665134e-17, 1.0, -1.9397816686250694e-16, 1.2653630886983698e-17, 1.9397816686250694e-16, 1.0], "world_rotation": [-0.9211093596285536, 0.06008602943210125, 0.38463907325148433, -2.1059189642881336e-16]}], "source": "action wait"}
{"timestamp": 1706031270.06558, "objects": [{"color": "cv_", "id_name": "hand", "shape": "CVCylinder", "id_string": "ob382", "world_size": [0.12, 0.005, 0.12], "id": 382, "camera_size": [53, 53], "camera_position": [245, 264], "world_position": [0.682779941059205, 0.7957842764739569, -0.17407095350457621], "world_orientation": [6.768073236282966e-05, 0.14053975192204288, 0.9900750343024558, -0.0007772141257368812, -0.9900747301440342, 0.14053976187691714, 0.9999996956787143, -0.0007790121362095229, 4.22204975917015e-05], "world_rotation": [0.0, 1.0, 0.0, 0.0]}, {"color": "CVPurple", "id_name": "object276580529796959", "shape": "CVSphere", "id_string": "ob1135", "world_size": [0.1, 0.1, 0.1], "id": 1135, "camera_size": [41, 41], "camera_position": [256, 254], "world_position": [0.705, 0.6498037994254439, -0.15], "world_orientation": [1.0, 8.100187187665134e-17, -1.2653630886983698e-17, -8.100187187665134e-17, 1.0, -1.9397816686250694e-16, 1.2653630886983698e-17, 1.9397816686250694e-16, 1.0], "world_rotation": [-0.9211093596285536, 0.06008602943210125, 0.38463907325148433, -2.1059189642881336e-16]}], "source": "action wait"}
{"timestamp": 1706031270.101911, "objects": [{"color": "cv_", "id_name": "hand", "shape": "CVCylinder", "id_string": "ob382", "world_size": [0.12, 0.005, 0.12], "id": 382, "camera_size": [52, 52], "camera_position": [245, 239], "world_position": [0.7371955652027409, 0.7654360620826659, -0.17407268135569376], "world_orientation": [3.618458500649886e-05, 0.09877934501229364, 0.9951093606682725, -0.0007769633290808176, -0.9951090581827587, 0.09877934323839312, 0.9999996975092849, -0.0007767377712069308, 4.074032043902172e-05], "world_rotation": [0.0, 1.0, 0.0, 0.0]}, {"color": "CVPurple", "id_name": "object276580529796959", "shape": "CVSphere", "id_string": "ob1135", "world_size": [0.1, 0.1, 0.1], "id": 1135, "camera_size": [41, 41], "camera_position": [256, 254], "world_position": [0.705, 0.6498037994254439, -0.15], "world_orientation": [1.0, 8.100187187665134e-17, -1.2653630886983698e-17, -8.100187187665134e-17, 1.0, -1.9397816686250694e-16, 1.2653630886983698e-17, 1.9397816686250694e-16, 1.0], "world_rotation": [-0.9211093596285536, 0.06008602943210125, 0.38463907325148433, -2.1059189642881336e-16]}], "source": "action wait"}
{"timestamp": 1706031270.143991, "objects": [{"color": "cv_", "id_name": "hand", "shape": "CVCylinder", "id_string": "ob382", "world_size": [0.12, 0.005, 0.12], "id": 382, "camera_size": [51, 51], "camera_position": [246, 224], "world_position": [0.7746143882711489, 0.7404799385929355, -0.174074095245876], "world_orientation": [1.1856940519796443e-05, 0.06916048347080773, 0.9976055469901405, -0.0007702198938545604, -0.9976052505195154, 0.06916047207191377, 0.9999997033103202, -0.0007691956701154851, 4.1440234120557627e-05], "world_rotation": [0.0, 1.0, 0.0, 0.0]}, {"color": "CVPurple", "id_name": "object276580529796959", "shape": "CVSphere", "id_string": "ob1135", "world_size": [0.1, 0.1, 0.1], "id": 1135, "camera_size": [41, 41], "camera_position": [256, 254], "world_position": [0.705, 0.6498037994254439, -0.15], "world_orientation": [1.0, 8.100187187665134e-17, -1.2653630886983698e-17, -8.100187187665134e-17, 1.0, -1.9397816686250694e-16, 1.2653630886983698e-17, 1.9397816686250694e-16, 1.0], "world_rotation": [-0.9211093596285536, 0.06008602943210125, 0.38463907325148433, -2.1059189642881336e-16]}], "source": "action wait"}
{"timestamp": 1706031270.178468, "objects": [{"color": "cv_", "id_name": "hand", "shape": "CVCylinder", "id_string": "ob382", "world_size": [0.12, 0.005, 0.12], "id": 382, "camera_size": [51, 51], "camera_position": [246, 214], "world_position": [0.8002997575990002, 0.7212372826281024, -0.17407762887091066], "world_orientation": [-1.2183112639370092e-06, 0.04824800003637054, 0.998835387083881, -0.0007651799953276716, -0.9988350947202855, 0.04824798498065062, 0.9999997072490024, -0.0007642300757587375, 3.813529648949419e-05], "world_rotation": [0.0, 1.0, 0.0, 0.0]}, {"color": "CVPurple", "id_name": "object276580529796959", "shape": "CVSphere", "id_string": "ob1135", "world_size": [0.1, 0.1, 0.1], "id": 1135, "camera_size": [41, 41], "camera_position": [256, 254], "world_position": [0.705, 0.6498037994254439, -0.15], "world_orientation": [1.0, 8.100187187665134e-17, -1.2653630886983698e-17, -8.100187187665134e-17, 1.0, -1.9397816686250694e-16, 1.2653630886983698e-17, 1.9397816686250694e-16, 1.0], "world_rotation": [-0.9211093596285536, 0.06008602943210125, 0.38463907325148433, -2.1059189642881336e-16]}], "source": "action wait"}
{"timestamp": 1706031270.210962, "objects": [{"color": "cv_", "id_name": "hand", "shape": "CVCylinder", "id_string": "ob382", "world_size": [0.12, 0.005, 0.12], "id": 382, "camera_size": [49, 50], "camera_position": [246, 207], "world_position": [0.8180145528307566, 0.7068969486897749, -0.17408183136148497], "world_orientation": [-7.704328691031145e-06, 0.033497518934162314, 0.9994388006105721, -0.000762087471388525, -0.9994385106111771, 0.03349750333977843, 0.9999997095816225, -0.0007614017125891826, 3.3228042294924366e-05], "world_rotation": [0.0, 1.0, 0.0, 0.0]}, {"color": "CVPurple", "id_name": "object276580529796959", "shape": "CVSphere", "id_string": "ob1135", "world_size": [0.1, 0.1, 0.1], "id": 1135, "camera_size": [41, 41], "camera_position": [256, 254], "world_position": [0.705, 0.6498037994254439, -0.15], "world_orientation": [1.0, 8.100187187665134e-17, -1.2653630886983698e-17, -8.100187187665134e-17, 1.0, -1.9397816686250694e-16, 1.2653630886983698e-17, 1.9397816686250694e-16, 1.0], "world_rotation": [-0.9211093596285536, 0.06008602943210125, 0.38463907325148433, -2.1059189642881336e-16]}], "source": "action wait"}
{"timestamp": 1706031270.240904, "objects": [{"color": "cv_", "id_name": "hand", "shape": "CVCylinder", "id_string": "ob382", "world_size": [0.12, 0.005, 0.12], "id": 382, "camera_size": [49, 50], "camera_position": [246, 202], "world_position": [0.83029105415291, 0.6964283772698482, -0.17408594499892935], "world_orientation": [-1.0462644929515216e-05, 0.023098414469335835, 0.9997331959775747, -0.0007605133633015509, -0.9997329071029147, 0.02309839983590397, 0.9999997107549368, -0.0007600687849215537, 2.802650330675024e-05], "world_rotation": [0.0, 1.0, 0.0, 0.0]}, {"color": "CVPurple", "id_name": "object276580529796959", "shape": "CVSphere", "id_string": "ob1135", "world_size": [0.1, 0.1, 0.1], "id": 1135, "camera_size": [41, 41], "camera_position": [256, 254], "world_position": [0.705, 0.6498037994254439, -0.15], "world_orientation": [1.0, 8.100187187665134e-17, -1.2653630886983698e-17, -8.100187187665134e-17, 1.0, -1.9397816686250694e-16, 1.2653630886983698e-17, 1.9397816686250694e-16, 1.0], "world_rotation": [-0.9211093596285536, 0.06008602943210125, 0.38463907325148433, -2.1059189642881336e-16]}], "source": "action wait"}
{"timestamp": 1706031270.272378, "objects": [{"color": "cv_", "id_name": "hand", "shape": "CVCylinder", "id_string": "ob382", "world_size": [0.12, 0.005, 0.12], "id": 382, "camera_size": [49, 49], "camera_position": [246, 199], "world_position": [0.8388344085278868, 0.6888852936555565, -0.1740896215930823], "world_orientation": [-1.1185660723093076e-05, 0.015768691103983046, 0.9998756663984519, -0.0007599420751665661, -0.9998753778749263, 0.01576867805226804, 0.9999997111814202, -0.0007596712057490071, 2.3167558582874854e-05], "world_rotation": [0.0, 1.0, 0.0, 0.0]}, {"color": "CVPurple", "id_name": "object276580529796959", "shape": "CVSphere", "id_string": "ob1135", "world_size": [0.1, 0.1, 0.1], "id": 1135, "camera_size": [41, 41], "camera_position": [256, 254], "world_position": [0.705, 0.6498037994254439, -0.15], "world_orientation": [1.0, 8.100187187665134e-17, -1.2653630886983698e-17, -8.100187187665134e-17, 1.0, -1.9397816686250694e-16, 1.2653630886983698e-17, 1.9397816686250694e-16, 1.0], "world_rotation": [-0.9211093596285536, 0.06008602943210125, 0.38463907325148433, -2.1059189642881336e-16]}], "source": "action wait"}
{"timestamp": 1706031270.304921, "objects": [{"color": "cv_", "id_name": "hand", "shape": "CVCylinder", "id_string": "ob382", "world_size": [0.12, 0.005, 0.12], "id": 382, "camera_size": [49, 49], "camera_position": [246, 197], "world_position": [0.8447999037217202, 0.6834959200790011, -0.1740927401216884], "world_orientation": [-1.0892211977038722e-05, 0.010602884794058806, 0.9999437877777949, -0.0007599569290904161, -0.9999434991738017, 0.010602873455775045, 0.9999997111733713, -0.0007597987214777736, 1.894933232602349e-05], "world_rotation": [0.0, 1.0, 0.0, 0.0]}, {"color": "CVPurple", "id_name": "object276580529796959", "shape": "CVSphere", "id_string": "ob1135", "world_size": [0.1, 0.1, 0.1], "id": 1135, "camera_size": [41, 41], "camera_position": [256, 254], "world_position": [0.705, 0.6498037994254439, -0.15], "world_orientation": [1.0, 8.100187187665134e-17, -1.2653630886983698e-17, -8.100187187665134e-17, 1.0, -1.9397816686250694e-16, 1.2653630886983698e-17, 1.9397816686250694e-16, 1.0], "world_rotation": [-0.9211093596285536, 0.06008602943210125, 0.38463907325148433, -2.1059189642881336e-16]}], "source": "action wait"}
{"timestamp": 1706031270.338474, "objects": [{"color": "cv_", "id_name": "hand", "shape": "CVCylinder", "id_string": "ob382", "world_size": [0.12, 0.005, 0.12], "id": 382, "camera_size": [49, 49], "camera_position": [246, 195], "world_position": [0.8489762489137341, 0.6796666539557723, -0.17409529803439644], "world_orientation": [-1.0128855595366859e-05, 0.006962256919374706, 0.9999757631442848, -0.0007602692519475348, -0.9999754742514895, 0.006962247207136273, 0.9999997109439938, -0.0007601803058151515, 1.5421797037928086e-05], "world_rotation": [0.0, 1.0, 0.0, 0.0]}, {"color": "CVPurple", "id_name": "object276580529796959", "shape": "CVSphere", "id_string": "ob1135", "world_size": [0.1, 0.1, 0.1], "id": 1135, "camera_size": [41, 41], "camera_position": [256, 254], "world_position": [0.705, 0.6498037994254439, -0.15], "world_orientation": [1.0, 8.100187187665134e-17, -1.2653630886983698e-17, -8.100187187665134e-17, 1.0, -1.9397816686250694e-16, 1.2653630886983698e-17, 1.9397816686250694e-16, 1.0], "world_rotation": [-0.9211093596285536, 0.06008602943210125, 0.38463907325148433, -2.1059189642881336e-16]}], "source": "action wait"}
{"timestamp": 1706031270.375356, "objects": [{"color": "cv_", "id_name": "hand", "shape": "CVCylinder", "id_string": "ob382", "world_size": [0.12, 0.005, 0.12], "id": 382, "camera_size": [49, 49], "camera_position": [246, 194], "world_position": [0.8519057844048057, 0.6769558307083547, -0.1740973483644197], "world_orientation": [-9.222328032727867e-06, 0.004396494652779274, 0.9999903353281554, -0.0007606992198622743, -0.9999900460726268, 0.00439648636557148, 0.999999710625781, -0.0007606513221148589, 1.256664628720825e-05], "world_rotation": [0.0, 1.0, 0.0, 0.0]}, {"color": "CVPurple", "id_name": "object276580529796959", "shape": "CVSphere", "id_string": "ob1135", "world_size": [0.1, 0.1, 0.1], "id": 1135, "camera_size": [41, 41], "camera_position": [256, 254], "world_position": [0.705, 0.6498037994254439, -0.15], "world_orientation": [1.0, 8.100187187665134e-17, -1.2653630886983698e-17, -8.100187187665134e-17, 1.0, -1.9397816686250694e-16, 1.2653630886983698e-17, 1.9397816686250694e-16, 1.0], "world_rotation": [-0.9211093596285536, 0.06008602943210125, 0.38463907325148433, -2.1059189642881336e-16]}], "source": "action wait"}
{"timestamp": 1706031270.410036, "objects": [{"color": "cv_", "id_name": "hand", "shape": "CVCylinder", "id_string": "ob382", "world_size": [0.12, 0.005, 0.12], "id": 382, "camera_size": [49, 48], "camera_position": [246, 193], "world_position": [0.8539637262987082, 0.6750413960996019, -0.1740989648092805], "world_orientation": [-8.322988787388296e-06, 0.0025882158740729313, 0.9999966505290491, -0.0007611442663808773, -0.9999963609107125, 0.002588208789459402, 0.9999997102950249, -0.0007611201753178751, 1.029296417236043e-05], "world_rotation": [0.0, 1.0, 0.0, 0.0]}, {"color": "CVPurple", "id_name": "object276580529796959", "shape": "CVSphere", "id_string": "ob1135", "world_size": [0.1, 0.1, 0.1], "id": 1135, "camera_size": [41, 41], "camera_position": [256, 254], "world_position": [0.705, 0.6498037994254439, -0.15], "world_orientation": [1.0, 8.100187187665134e-17, -1.2653630886983698e-17, -8.100187187665134e-17, 1.0, -1.9397816686250694e-16, 1.2653630886983698e-17, 1.9397816686250694e-16, 1.0], "world_rotation": [-0.9211093596285536, 0.06008602943210125, 0.38463907325148433, -2.1059189642881336e-16]}], "source": "action wait"}
{"timestamp": 1706031270.442602, "objects": [{"color": "cv_", "id_name": "hand", "shape": "CVCylinder", "id_string": "ob382", "world_size": [0.12, 0.005, 0.12], "id": 382, "camera_size": [49, 49], "camera_position": [246, 193], "world_position": [0.8554109362753846, 0.6736914989867683, -0.17410022347933418], "world_orientation": [-7.512879749740338e-06, 0.0013137557206893303, 0.9999991369943593, -0.0007615524025902946, -0.9999988470492747, 0.0013137496183158012, 0.9999997099907054, -0.0007615418753237738, 8.513364913633076e-06], "world_rotation": [0.0, 1.0, 0.0, 0.0]}, {"color": "CVPurple", "id_name": "object276580529796959", "shape": "CVSphere", "id_string": "ob1135", "world_size": [0.1, 0.1, 0.1], "id": 1135, "camera_size": [41, 41], "camera_position": [256, 254], "world_position": [0.705, 0.6498037994254439, -0.15], "world_orientation": [1.0, 8.100187187665134e-17, -1.2653630886983698e-17, -8.100187187665134e-17, 1.0, -1.9397816686250694e-16, 1.2653630886983698e-17, 1.9397816686250694e-16, 1.0], "world_rotation": [-0.9211093596285536, 0.06008602943210125, 0.38463907325148433, -2.1059189642881336e-16]}], "source": "action wait"}
{"timestamp": 1706031270.475124, "objects": [{"color": "cv_", "id_name": "hand", "shape": "CVCylinder", "id_string": "ob382", "world_size": [0.12, 0.005, 0.12], "id": 382, "camera_size": [49, 49], "camera_position": [246, 193], "world_position": [0.8564294552771884, 0.6727406085102212, -0.17410119421809916], "world_orientation": [-6.820169069862792e-06, 0.00041549976572923897, 0.9999999136567114, -0.0007619021039819987, -0.9999996234347026, 0.00041549444884090187, 0.9999997097292925, -0.0007618992044548773, 7.136736647701693e-06], "world_rotation": [0.0, 1.0, 0.0, 0.0]}, {"color": "CVPurple", "id_name": "object276580529796959", "shape": "CVSphere", "id_string": "ob1135", "world_size": [0.1, 0.1, 0.1], "id": 1135, "camera_size": [41, 41], "camera_position": [256, 254], "world_position": [0.705, 0.6498037994254439, -0.15], "world_orientation": [1.0, 8.100187187665134e-17, -1.2653630886983698e-17, -8.100187187665134e-17, 1.0, -1.9397816686250694e-16, 1.2653630886983698e-17, 1.9397816686250694e-16, 1.0], "world_rotation": [-0.9211093596285536, 0.06008602943210125, 0.38463907325148433, -2.1059189642881336e-16]}], "source": "action wait"}
{"timestamp": 1706031270.50564, "objects": [{"color": "cv_", "id_name": "hand", "shape": "CVCylinder", "id_string": "ob382", "world_size": [0.12, 0.005, 0.12], "id": 382, "camera_size": [49, 48], "camera_position": [246, 192], "world_position": [0.8571466782449052, 0.6720711878209364, -0.1741019372141437], "world_orientation": [-6.247476106669973e-06, -0.00021762156766760586, 0.9999999763009109, -0.0007621889575690048, -0.9999996858533513, -0.0002176262662169631, 0.999999709514439, -0.0007621902991211177, 6.081605388605605e-06], "world_rotation": [0.0, 1.0, 0.0, 0.0]}, {"color": "CVPurple", "id_name": "object276580529796959", "shape": "CVSphere", "id_string": "ob1135", "world_size": [0.1, 0.1, 0.1], "id": 1135, "camera_size": [41, 41], "camera_position": [256, 254], "world_position": [0.705, 0.6498037994254439, -0.15], "world_orientation": [1.0, 8.100187187665134e-17, -1.2653630886983698e-17, -8.100187187665134e-17, 1.0, -1.9397816686250694e-16, 1.2653630886983698e-17, 1.9397816686250694e-16, 1.0], "world_rotation": [-0.9211093596285536, 0.06008602943210125, 0.38463907325148433, -2.1059189642881336e-16]}], "source": "action wait"}
{"timestamp": 1706031270.536283, "objects": [{"color": "cv_", "id_name": "hand", "shape": "CVCylinder", "id_string": "ob382", "world_size": [0.12, 0.005, 0.12], "id": 382, "camera_size": [49, 49], "camera_position": [246, 192], "world_position": [0.8576519441832112, 0.6716000790699223, -0.17410250237914274], "world_orientation": [-5.7849841066805955e-06, -0.0006638798574481924, 0.9999997796150102, -0.000762417240293476, -0.9999994889888129, -0.0006638840750795488, 0.9999997093432007, -0.0007624209128273774, 5.278827702051121e-06], "world_rotation": [0.0, 1.0, 0.0, 0.0]}, {"color": "CVPurple", "id_name": "object276580529796959", "shape": "CVSphere", "id_string": "ob1135", "world_size": [0.1, 0.1, 0.1], "id": 1135, "camera_size": [41, 41], "camera_position": [256, 254], "world_position": [0.705, 0.6498037994254439, -0.15], "world_orientation": [1.0, 8.100187187665134e-17, -1.2653630886983698e-17, -8.100187187665134e-17, 1.0, -1.9397816686250694e-16, 1.2653630886983698e-17, 1.9397816686250694e-16, 1.0], "world_rotation": [-0.9211093596285536, 0.06008602943210125, 0.38463907325148433, -2.1059189642881336e-16]}], "source": "action wait"}
{"timestamp": 1706031270.568691, "objects": [{"color": "cv_", "id_name": "hand", "shape": "CVCylinder", "id_string": "ob382", "world_size": [0.12, 0.005, 0.12], "id": 382, "camera_size": [49, 49], "camera_position": [246, 192], "world_position": [0.8580080002434582, 0.6712685865570044, -0.174102930056309], "world_orientation": [-5.417903067743761e-06, -0.0009784354471082703, 0.9999995213172465, -0.0007625949281846893, -0.9999992305524654, -0.0009784392942806203, 0.9999997092097687, -0.0007625998642332937, 4.671748989794771e-06], "world_rotation": [0.0, 1.0, 0.0, 0.0]}, {"color": "CVPurple", "id_name": "object276580529796959", "shape": "CVSphere", "id_string": "ob1135", "world_size": [0.1, 0.1, 0.1], "id": 1135, "camera_size": [41, 41], "camera_position": [256, 254], "world_position": [0.705, 0.6498037994254439, -0.15], "world_orientation": [1.0, 8.100187187665134e-17, -1.2653630886983698e-17, -8.100187187665134e-17, 1.0, -1.9397816686250694e-16, 1.2653630886983698e-17, 1.9397816686250694e-16, 1.0], "world_rotation": [-0.9211093596285536, 0.06008602943210125, 0.38463907325148433, -2.1059189642881336e-16]}], "source": "action wait"}
{"timestamp": 1706031270.603274, "objects": [{"color": "cv_", "id_name": "hand", "shape": "CVCylinder", "id_string": "ob382", "world_size": [0.12, 0.005, 0.12], "id": 382, "camera_size": [49, 49], "camera_position": [246, 192], "world_position": [0.8582589659816129, 0.6710353438958363, -0.1741032522700256], "world_orientation": [-5.130426316635169e-06, -0.0012001628788214224, 0.9999992797911124, -0.0007627309244267762, -0.999998988920512, -0.001200166442866256, 0.9999997091075656, -0.0007627365324670366, 4.215019787703943e-06], "world_rotation": [0.0, 1.0, 0.0, 0.0]}, {"color": "CVPurple", "id_name": "object276580529796959", "shape": "CVSphere", "id_string": "ob1135", "world_size": [0.1, 0.1, 0.1], "id": 1135, "camera_size": [41, 41], "camera_position": [256, 254], "world_position": [0.705, 0.6498037994254439, -0.15], "world_orientation": [1.0, 8.100187187665134e-17, -1.2653630886983698e-17, -8.100187187665134e-17, 1.0, -1.9397816686250694e-16, 1.2653630886983698e-17, 1.9397816686250694e-16, 1.0], "world_rotation": [-0.9211093596285536, 0.06008602943210125, 0.38463907325148433, -2.1059189642881336e-16]}], "source": "action wait"}
{"timestamp": 1706031272.083198, "objects": [{"color": "cv_", "id_name": "hand", "shape": "CVCylinder", "id_string": "ob382", "world_size": [0.12, 0.005, 0.12], "id": 382, "camera_size": [49, 49], "camera_position": [246, 192], "world_position": [0.8588590202745322, 0.6704810881812057, -0.17410419321423307], "world_orientation": [-4.21559519743559e-06, -0.001729884607330879, 0.9999985037396176, -0.0007631196647004921, -0.9999982125675202, -0.001729887320643855, 0.9999997088152608, -0.000763125815379816, 2.8954787011905547e-06], "world_rotation": [0.0, 1.0, 0.0, 0.0]}, {"color": "CVPurple", "id_name": "object276580529796959", "shape": "CVSphere", "id_string": "ob1135", "world_size": [0.1, 0.1, 0.1], "id": 1135, "camera_size": [41, 41], "camera_position": [256, 254], "world_position": [0.705, 0.6498037994254439, -0.15], "world_orientation": [1.0, 8.100187187665134e-17, -1.2653630886983698e-17, -8.100187187665134e-17, 1.0, -1.9397816686250694e-16, 1.2653630886983698e-17, 1.9397816686250694e-16, 1.0], "world_rotation": [-0.9211093596285536, 0.06008602943210125, 0.38463907325148433, -2.1059189642881336e-16]}], "source": "action wait"}
{"timestamp": 1706031272.113622, "objects": [{"color": "cv_", "id_name": "hand", "shape": "CVCylinder", "id_string": "ob382", "world_size": [0.12, 0.005, 0.12], "id": 382, "camera_size": [48, 48], "camera_position": [246, 205], "world_position": [0.8262818046823949, 0.6574730513912046, -0.17408836376043058], "world_orientation": [-4.620424647680967e-05, -0.022831392515472396, 0.9997393287157268, -0.0007601682852959861, -0.9997390401283193, -0.022831421057062446, 0.9999997100046308, -0.0007610250398591031, 2.8836488523527573e-05], "world_rotation": [0.0, 1.0, 0.0, 0.0]}, {"color": "CVPurple", "id_name": "object276580529796959", "shape": "CVSphere", "id_string": "ob1135", "world_size": [0.1, 0.1, 0.1], "id": 1135, "camera_size": [41, 41], "camera_position": [256, 254], "world_position": [0.705, 0.6498037994254439, -0.15], "world_orientation": [1.0, 8.100187187665134e-17, -1.2653630886983698e-17, -8.100187187665134e-17, 1.0, -1.9397816686250694e-16, 1.2653630886983698e-17, 1.9397816686250694e-16, 1.0], "world_rotation": [-0.9211093596285536, 0.06008602943210125, 0.38463907325148433, -2.1059189642881336e-16]}], "source": "action wait"}
{"timestamp": 1706031272.146752, "objects": [{"color": "cv_", "id_name": "hand", "shape": "CVCylinder", "id_string": "ob382", "world_size": [0.12, 0.005, 0.12], "id": 382, "camera_size": [48, 49], "camera_position": [246, 219], "world_position": [0.7920482890028564, 0.6642393437027128, -0.1741016844775757], "world_orientation": [-3.4158638343828e-05, -0.016623744875241465, 0.9998618154222665, -0.0007582250456675046, -0.999861528162108, -0.01662376600275612, 0.9999997119639423, -0.0007586881158709254, 2.154936861756849e-05], "world_rotation": [0.0, 1.0, 0.0, 0.0]}, {"color": "CVPurple", "id_name": "object276580529796959", "shape": "CVSphere", "id_string": "ob1135", "world_size": [0.1, 0.1, 0.1], "id": 1135, "camera_size": [41, 43], "camera_position": [256, 264], "world_position": [0.6808634594890267, 0.6511779172093204, -0.150005647501633], "world_orientation": [0.999508999362386, -0.0313327531474547, 0.00013701752613188079, 0.03133275472699872, 0.9995090086602169, -9.396183571796713e-06, -0.00013665584341276827, 1.3684706579262174e-05, 0.9999999905689546], "world_rotation": [0.0003683153502820923, 0.004367167050621467, 0.9999903960517593, 0.03133818404965283]}], "source": "action wait"}
{"timestamp": 1706031272.186454, "objects": [{"color": "cv_", "id_name": "hand", "shape": "CVCylinder", "id_string": "ob382", "world_size": [0.12, 0.005, 0.12], "id": 382, "camera_size": [48, 49], "camera_position": [246, 229], "world_position": [0.7674040848320753, 0.6676553382758407, -0.1741064433578745], "world_orientation": [-1.7747135786742423e-05, -0.012175888971095162, 0.9999258709588441, -0.0007620404352236856, -0.9999255806203146, -0.012175898960740724, 0.999999709489665, -0.0007622000332294561, 8.467295325500156e-06], "world_rotation": [0.0, 1.0, 0.0, 0.0]}, {"color": "CVPurple", "id_name": "object276580529796959", "shape": "CVSphere", "id_string": "ob1135", "world_size": [0.1, 0.1, 0.1], "id": 1135, "camera_size": [41, 43], "camera_position": [256, 282], "world_position": [0.6358938682035943, 0.6517342991508929, -0.15001842502052343], "world_orientation": [0.9991116027262681, -0.0421407692938334, 0.0004010748954772485, 0.042140775001995034, 0.9991116829707914, -5.788257024901214e-06, -0.0004004746922137083, 2.2684721682396787e-05, 0.999999919552709], "world_rotation": [0.0003378164194221785, 0.009509950275545947, 0.9999547223378783, 0.04215516452196643]}], "source": "action wait"}
{"timestamp": 1706031272.22471, "objects": [{"color": "cv_", "id_name": "hand", "shape": "CVCylinder", "id_string": "ob382", "world_size": [0.12, 0.005, 0.12], "id": 382, "camera_size": [49, 49], "camera_position": [246, 236], "world_position": [0.7499709646710836, 0.6693018527793009, -0.17410856310518275], "world_orientation": [-8.363865757062336e-06, -0.009055469405756378, 0.9999589983613766, -0.0007634904350708621, -0.9999587068916119, -0.009055473152245612, 0.9999997085061583, -0.0007635348694741305, 1.4497561110365647e-06], "world_rotation": [0.0, 1.0, 0.0, 0.0]}, {"color": "CVPurple", "id_name": "object276580529796959", "shape": "CVSphere", "id_string": "ob1135", "world_size": [0.1, 0.1, 0.1], "id": 1135, "camera_size": [41, 44], "camera_position": [256, 298], "world_position": [0.5951533688554236, 0.6490913550039807, -0.15003280924340018], "world_orientation": [0.999918044572869, 0.012785097449578954, 0.0006673985127213112, -0.012785095478164412, 0.9999182673006234, -7.2203472512473e-06, -0.0006674362772825335, -1.31299820251766e-06, 0.9999997772635211], "world_rotation": [0.0002307106629578158, 0.05213177972057872, -0.9986401876130137, 0.01280285522581254]}], "source": "action wait"}
{"timestamp": 1706031272.260871, "objects": [{"color": "cv_", "id_name": "hand", "shape": "CVCylinder", "id_string": "ob382", "world_size": [0.12, 0.005, 0.12], "id": 382, "camera_size": [49, 49], "camera_position": [246, 241], "world_position": [0.7376734025381498, 0.6700887761834846, -0.17410927251769864], "world_orientation": [-3.3931058682192895e-06, -0.006865479728721127, 0.9999764323105726, -0.0007638878893010515, -0.999976140543014, -0.006865480317562849, 0.9999997082318473, -0.0007638931815304358, -1.8514319080963448e-06], "world_rotation": [0.0, 1.0, 0.0, 0.0]}, {"color": "CVPurple", "id_name": "object276580529796959", "shape": "CVSphere", "id_string": "ob1135", "world_size": [0.1, 0.1, 0.1], "id": 1135, "camera_size": [41, 43], "camera_position": [256, 310], "world_position": [0.5666861820552195, 0.6499326313951903, -0.15003259490776402], "world_orientation": [0.999986949968062, -0.005064777262042342, 0.0006692718870726064, 0.005064779384647866, 0.9999871739215481, -1.4766843167025612e-06, -0.0006692558238617266, 4.866379502302234e-06, 0.9999997760364552], "world_rotation": [0.0006207970341114479, 0.13100199788852088, 0.991381909841136, 0.005108828701665371]}], "source": "action wait"}
{"timestamp": 1706031272.28825, "objects": [{"color": "cv_", "id_name": "hand", "shape": "CVCylinder", "id_string": "ob382", "world_size": [0.12, 0.005, 0.12], "id": 382, "camera_size": [49, 49], "camera_position": [246, 244], "world_position": [0.7290091374938062, 0.6704615774597822, -0.174109220683318], "world_orientation": [-1.163873605326683e-06, -0.005327666715588245, 0.9999858078822985, -0.0007638736970336634, -0.9999855161308246, -0.005327666050276242, 0.9999997082477677, -0.0007638690567785165, -2.9058077223086635e-06], "world_rotation": [0.0, 1.0, 0.0, 0.0]}, {"color": "CVPurple", "id_name": "object276580529796959", "shape": "CVSphere", "id_string": "ob1135", "world_size": [0.1, 0.1, 0.1], "id": 1135, "camera_size": [41, 44], "camera_position": [256, 318], "world_position": [0.5451187280913764, 0.6494681459009419, -0.1500331125805227], "world_orientation": [0.9999925380603151, 0.003804222592610076, 0.0006720968347009078, -0.0038042234412450845, 0.999992763915824, -1.573575878162234e-08, -0.0006720920312139664, -2.5410708919790673e-06, 0.999999774142897], "world_rotation": [-0.0003268503445631177, 0.17397635197269967, -0.9847497764016622, 0.0038631463244926775]}], "source": "action wait"}
