{"timestamp": 1706031134.473593, "objects": [{"color": "cv_", "id_name": "hand", "shape": "CVCylinder", "id_string": "ob382", "world_size": [0.12, 0.005, 0.12], "id": 382, "camera_size": [48, 50], "camera_position": [246, 426], "world_position": [0.267644515540142, 0.6334703013847797, -0.17389260400847856], "world_orientation": [-0.0006415511193521011, 0.19791547486646266, 0.9802188802612118, -0.000747367518688101, -0.9802189031249577, 0.19791499033245877, 0.999999514926859, -0.0006056111687279897, 0.0007767761318712604], "world_rotation": [0.0, 1.0, 0.0, 0.0]}, {"color": "CVPurple", "id_name": "object33387347623982", "shape": "CVSphere", "id_string": "ob1065", "world_size": [0.09, 0.09, 0.09], "id": 1065, "camera_size": [37, 37], "camera_position": [256, 254], "world_position": [0.705, 0.644856964849591, -0.15], "world_orientation": [1.0, -3.248937977869676e-17, -1.2807790779525605e-17, 3.248937977869676e-17, 1.0, -6.497875955739369e-17, 1.2807790779525605e-17, 6.497875955739369e-17, 1.0], "world_rotation": [-0.8808431718627018, 0.17362065899128884, -0.4404215859313497, -7.376881791566185e-17]}], "source": "manual check"}
{"timestamp": 1706031135.488992, "objects": [{"color": "cv_", "id_name": "hand", "shape": "CVCylinder", "id_string": "ob382", "world_size": [0.12, 0.005, 0.12], "id": 382, "camera_size": [48, 50], "camera_position": [246, 426], "world_position": [0.267644515540142, 0.6334703013847797, -0.17389260400847856], "world_orientation": [-0.0006415511193521011, 0.19791547486646266, 0.9802188802612118, -0.000747367518688101, -0.9802189031249577, 0.19791499033245877, 0.999999514926859, -0.0006056111687279897, 0.0007767761318712604], "world_rotation": [0.0, 1.0, 0.0, 0.0]}, {"color": "CVPurple", "id_name": "object33387347623982", "shape": "CVSphere", "id_string": "ob1065", "world_size": [0.09, 0.09, 0.09], "id": 1065, "camera_size": [37, 37], "camera_position": [256, 254], "world_position": [0.705, 0.6448569696296074, -0.15], "world_orientation": [1.0, -4.331917303826236e-17, -1.1712398707441946e-17, 4.331917303826236e-17, 1.0, -5.775889738434995e-17, 1.1712398707441946e-17, 5.775889738434995e-17, 1.0], "world_rotation": [-0.7896765794068324, 0.16013129347666225, -0.5922574345551229, -7.314247236221149e-17]}], "source": "manual check"}
{"timestamp": 1706031138.26556, "objects": [{"color": "cv_", "id_name": "hand", "shape": "CVCylinder", "id_string": "ob382", "world_size": [0.12, 0.005, 0.12], "id": 382, "camera_size": [48, 50], "camera_position": [246, 426], "world_position": [0.267644515540142, 0.6334703013847797, -0.17389260400847856], "world_orientation": [-0.0006415511193521011, 0.19791547486646266, 0.9802188802612118, -0.000747367518688101, -0.9802189031249577, 0.19791499033245877, 0.999999514926859, -0.0006056111687279897, 0.0007767761318712604], "world_rotation": [0.0, 1.0, 0.0, 0.0]}, {"color": "CVPurple", "id_name": "object33387347623982", "shape": "CVSphere", "id_string": "ob1065", "world_size": [0.09, 0.09, 0.09], "id": 1065, "camera_size": [37, 37], "camera_position": [256, 254], "world_position": [0.705, 0.6448569696296074, -0.15], "world_orientation": [1.0, -4.331917303826236e-17, -1.1712398707441946e-17, 4.331917303826236e-17, 1.0, -5.775889738434995e-17, 1.1712398707441946e-17, 5.775889738434995e-17, 1.0], "world_rotation": [-0.7896765794068324, 0.16013129347666225, -0.5922574345551229, -7.314247236221149e-17]}], "source": "action wait"}
{"timestamp": 1706031138.287534, "objects": [{"color": "cv_", "id_name": "hand", "shape": "CVCylinder", "id_string": "ob382", "world_size": [0.12, 0.005, 0.12], "id": 382, "camera_size": [49, 51], "camera_position": [246, 421], "world_position": [0.29198676679448055, 0.6685406941669126, -0.17395566754436806], "world_orientation": [-0.0003764603291878765, 0.20624081772788505, 0.9785011923245438, -0.0007131352855657817, -0.9785010682168865, 0.2062405172037659, 0.9999996748577896, -0.0006201623542167012, 0.0005154444386977451], "world_rotation": [0.0, 1.0, 0.0, 0.0]}, {"color": "CVPurple", "id_name": "object33387347623982", "shape": "CVSphere", "id_string": "ob1065", "world_size": [0.09, 0.09, 0.09], "id": 1065, "camera_size": [37, 37], "camera_position": [256, 254], "world_position": [0.705, 0.6448569696296074, -0.15], "world_orientation": [1.0, -4.331917303826236e-17, -1.1712398707441946e-17, 4.331917303826236e-17, 1.0, -5.775889738434995e-17, 1.1712398707441946e-17, 5.775889738434995e-17, 1.0], "world_rotation": [-0.7896765794068324, 0.16013129347666225, -0.5922574345551229, -7.314247236221149e-17]}], "source": "action wait"}
{"timestamp": 1706031138.317595, "objects": [{"color": "cv_", "id_name": "hand", "shape": "CVCylinder", "id_string": "ob382", "world_size": [0.12, 0.005, 0.12], "id": 382, "camera_size": [51, 52], "camera_position": [246, 405], "world_position": [0.3386399097293897, 0.707438827723601, -0.17398341276659882], "world_orientation": [-0.0002119582709088256, 0.20085409253144917, 0.9796211454368772, -0.0007285584271926677, -0.979620938468728, 0.20085389245983504, 0.9999997121381133, -0.0006711385972133613, 0.000353972702014266], "world_rotation": [0.0, 1.0, 0.0, 0.0]}, {"color": "CVPurple", "id_name": "object33387347623982", "shape": "CVSphere", "id_string": "ob1065", "world_size": [0.09, 0.09, 0.09], "id": 1065, "camera_size": [37, 37], "camera_position": [256, 254], "world_position": [0.705, 0.6448569696296074, -0.15], "world_orientation": [1.0, -4.331917303826236e-17, -1.1712398707441946e-17, 4.331917303826236e-17, 1.0, -5.775889738434995e-17, 1.1712398707441946e-17, 5.775889738434995e-17, 1.0], "world_rotation": [-0.7896765794068324, 0.16013129347666225, -0.5922574345551229, -7.314247236221149e-17]}], "source": "action wait"}
{"timestamp": 1706031138.349712, "objects": [{"color": "cv_", "id_name": "hand", "shape": "CVCylinder", "id_string": "ob382", "world_size": [0.12, 0.005, 0.12], "id": 382, "camera_size": [51, 53], "camera_position": [246, 388], "world_position": [0.38964836946884185, 0.7412620414565659, -0.17400399651894818], "world_orientation": [-0.00010488622982009439, 0.19698564831649554, 0.9804063664400638, -0.0007393837204904032, -0.9804061191209372, 0.1969855195234835, 0.9999997211552575, -0.0007042354383392478, 0.00024847908306303894], "world_rotation": [0.0, 1.0, 0.0, 0.0]}, {"color": "CVPurple", "id_name": "object33387347623982", "shape": "CVSphere", "id_string": "ob1065", "world_size": [0.09, 0.09, 0.09], "id": 1065, "camera_size": [37, 37], "camera_position": [256, 254], "world_position": [0.705, 0.6448569696296074, -0.15], "world_orientation": [1.0, -4.331917303826236e-17, -1.1712398707441946e-17, 4.331917303826236e-17, 1.0, -5.775889738434995e-17, 1.1712398707441946e-17, 5.775889738434995e-17, 1.0], "world_rotation": [-0.7896765794068324, 0.16013129347666225, -0.5922574345551229, -7.314247236221149e-17]}], "source": "action wait"}
{"timestamp": 1706031138.383041, "objects": [{"color": "cv_", "id_name": "hand", "shape": "CVCylinder", "id_string": "ob382", "world_size": [0.12, 0.005, 0.12], "id": 382, "camera_size": [52, 53], "camera_position": [245, 367], "world_position": [0.4440852454811994, 0.7696638439048105, -0.174022613244639], "world_orientation": [-2.951186286949188e-05, 0.19425443480258675, 0.9809511780351647, -0.0007465307099658392, -0.9809509093960058, 0.19425435914554978, 0.9999997209104355, -0.0007265773713717992, 0.00017396658984741422], "world_rotation": [0.0, 1.0, 0.0, 0.0]}, {"color": "CVPurple", "id_name": "object33387347623982", "shape": "CVSphere", "id_string": "ob1065", "world_size": [0.09, 0.09, 0.09], "id": 1065, "camera_size": [37, 37], "camera_position": [256, 254], "world_position": [0.705, 0.6448569696296074, -0.15], "world_orientation": [1.0, -4.331917303826236e-17, -1.1712398707441946e-17, 4.331917303826236e-17, 1.0, -5.775889738434995e-17, 1.1712398707441946e-17, 5.775889738434995e-17, 1.0], "world_rotation": [-0.7896765794068324, 0.16013129347666225, -0.5922574345551229, -7.314247236221149e-17]}], "source": "action wait"}
{"timestamp": 1706031138.418356, "objects": [{"color": "cv_", "id_name": "hand", "shape": "CVCylinder", "id_string": "ob382", "world_size": [0.12, 0.005, 0.12], "id": 382, "camera_size": [53, 54], "camera_position": [245, 343], "world_position": [0.501295465075544, 0.7923841047042773, -0.17403886198023677], "world_orientation": [2.3452348326372817e-05, 0.19232509331711878, 0.9813312681916077, -0.000751329804061502, -0.9813309880935658, 0.19232505637808037, 0.9999997174767167, -0.0007418139036641635, 0.00012148505852225447], "world_rotation": [0.0, 1.0, 0.0, 0.0]}, {"color": "CVPurple", "id_name": "object33387347623982", "shape": "CVSphere", "id_string": "ob1065", "world_size": [0.09, 0.09, 0.09], "id": 1065, "camera_size": [37, 37], "camera_position": [256, 254], "world_position": [0.705, 0.6448569696296074, -0.15], "world_orientation": [1.0, -4.331917303826236e-17, -1.1712398707441946e-17, 4.331917303826236e-17, 1.0, -5.775889738434995e-17, 1.1712398707441946e-17, 5.775889738434995e-17, 1.0], "world_rotation": [-0.7896765794068324, 0.16013129347666225, -0.5922574345551229, -7.314247236221149e-17]}], "source": "action wait"}
{"timestamp": 1706031138.454132, "objects": [{"color": "cv_", "id_name": "hand", "shape": "CVCylinder", "id_string": "ob382", "world_size": [0.12, 0.005, 0.12], "id": 382, "camera_size": [54, 54], "camera_position": [245, 318], "world_position": [0.560632198468689, 0.8092068446199038, -0.17405258810615573], "world_orientation": [6.055494458505157e-05, 0.1909606128701172, 0.9815976979727326, -0.0007546074966843417, -0.981597411569613, 0.19096060370495743, 0.9999997134502713, -0.0007522845903938882, 8.465973318122589e-05], "world_rotation": [0.0, 1.0, 0.0, 0.0]}, {"color": "CVPurple", "id_name": "object33387347623982", "shape": "CVSphere", "id_string": "ob1065", "world_size": [0.09, 0.09, 0.09], "id": 1065, "camera_size": [37, 37], "camera_position": [256, 254], "world_position": [0.705, 0.6448569696296074, -0.15], "world_orientation": [1.0, -4.331917303826236e-17, -1.1712398707441946e-17, 4.331917303826236e-17, 1.0, -5.775889738434995e-17, 1.1712398707441946e-17, 5.775889738434995e-17, 1.0], "world_rotation": [-0.7896765794068324, 0.16013129347666225, -0.5922574345551229, -7.314247236221149e-17]}], "source": "action wait"}
{"timestamp": 1706031138.490114, "objects": [{"color": "cv_", "id_name": "hand", "shape": "CVCylinder", "id_string": "ob382", "world_size": [0.12, 0.005, 0.12], "id": 382, "camera_size": [54, 54], "camera_position": [245, 291], "world_position": [0.6216627565431107, 0.8138946154147176, -0.17406305337062294], "world_orientation": [8.081715985622667e-05, 0.18134486920425905, 0.983419560453155, -0.000764431294270271, -0.9834192651281667, 0.18134487756640205, 0.9999997045566479, -0.0007664124653675885, 5.914854111995302e-05], "world_rotation": [0.0, 1.0, 0.0, 0.0]}, {"color": "CVPurple", "id_name": "object33387347623982", "shape": "CVSphere", "id_string": "ob1065", "world_size": [0.09, 0.09, 0.09], "id": 1065, "camera_size": [37, 37], "camera_position": [256, 254], "world_position": [0.705, 0.6448569696296074, -0.15], "world_orientation": [1.0, -4.331917303826236e-17, -1.1712398707441946e-17, 4.331917303826236e-17, 1.0, -5.775889738434995e-17, 1.1712398707441946e-17, 5.775889738434995e-17, 1.0], "world_rotation": [-0.7896765794068324, 0.16013129347666225, -0.5922574345551229, -7.314247236221149e-17]}], "source": "action wait"}
{"timestamp": 1706031138.527227, "objects": [{"color": "cv_", "id_name": "hand", "shape": "CVCylinder", "id_string": "ob382", "world_size": [0.12, 0.005, 0.12], "id": 382, "camera_size": [53, 53], "camera_position": [245, 263], "world_position": [0.6838060907830653, 0.7936059252664796, -0.17407079697045882], "world_orientation": [7.156183350538802e-05, 0.14537119137859164, 0.9893771836848032, -0.0007771435558489188, -0.9893768793652397, 0.14537120287523894, 0.9999996954633524, -0.0007792911324215301, 4.2172661071150256e-05], "world_rotation": [0.0, 1.0, 0.0, 0.0]}, {"color": "CVPurple", "id_name": "object33387347623982", "shape": "CVSphere", "id_string": "ob1065", "world_size": [0.09, 0.09, 0.09], "id": 1065, "camera_size": [37, 37], "camera_position": [256, 254], "world_position": [0.705, 0.6448569696296074, -0.15], "world_orientation": [1.0, -4.331917303826236e-17, -1.1712398707441946e-17, 4.331917303826236e-17, 1.0, -5.775889738434995e-17, 1.1712398707441946e-17, 5.775889738434995e-17, 1.0], "world_rotation": [-0.7896765794068324, 0.16013129347666225, -0.5922574345551229, -7.314247236221149e-17]}], "source": "action wait"}
{"timestamp": 1706031138.559857, "objects": [{"color": "cv_", "id_name": "hand", "shape": "CVCylinder", "id_string": "ob382", "world_size": [0.12, 0.005, 0.12], "id": 382, "camera_size": [52, 52], "camera_position": [245, 239], "world_position": [0.7379772779766858, 0.7621025576443596, -0.17407250513008704], "world_orientation": [3.874096342125843e-05, 0.1022039510299199, 0.9947634647960347, -0.0007767000116913297, -0.9947631624152121, 0.10220395021122508, 0.9999996976180691, -0.0007765922742341655, 4.084372667229521e-05], "world_rotation": [0.0, 1.0, 0.0, 0.0]}, {"color": "CVPurple", "id_name": "object33387347623982", "shape": "CVSphere", "id_string": "ob1065", "world_size": [0.09, 0.09, 0.09], "id": 1065, "camera_size": [37, 37], "camera_position": [256, 254], "world_position": [0.705, 0.6448569696296074, -0.15], "world_orientation": [1.0, -4.331917303826236e-17, -1.1712398707441946e-17, 4.331917303826236e-17, 1.0, -5.775889738434995e-17, 1.1712398707441946e-17, 5.775889738434995e-17, 1.0], "world_rotation": [-0.7896765794068324, 0.16013129347666225, -0.5922574345551229, -7.314247236221149e-17]}], "source": "action wait"}
{"timestamp": 1706031138.589576, "objects": [{"color": "cv_", "id_name": "hand", "shape": "CVCylinder", "id_string": "ob382", "world_size": [0.12, 0.005, 0.12], "id": 382, "camera_size": [51, 51], "camera_position": [246, 224], "world_position": [0.7751521267967194, 0.7363553370674801, -0.17407395148939725], "world_orientation": [1.3677352641433224e-05, 0.07158263667962675, 0.9974346725169136, -0.0007699270879786174, -0.997434376222846, 0.07158262597321535, 0.9999997035125607, -0.0007689310336786273, 4.1471149308677946e-05], "world_rotation": [0.0, 1.0, 0.0, 0.0]}, {"color": "CVPurple", "id_name": "object33387347623982", "shape": "CVSphere", "id_string": "ob1065", "world_size": [0.09, 0.09, 0.09], "id": 1065, "camera_size": [37, 37], "camera_position": [256, 254], "world_position": [0.705, 0.6448569696296074, -0.15], "world_orientation": [1.0, -4.331917303826236e-17, -1.1712398707441946e-17, 4.331917303826236e-17, 1.0, -5.775889738434995e-17, 1.1712398707441946e-17, 5.775889738434995e-17, 1.0], "world_rotation": [-0.7896765794068324, 0.16013129347666225, -0.5922574345551229, -7.314247236221149e-17]}], "source": "action wait"}
{"timestamp": 1706031138.621481, "objects": [{"color": "cv_", "id_name": "hand", "shape": "CVCylinder", "id_string": "ob382", "world_size": [0.12, 0.005, 0.12], "id": 382, "camera_size": [51, 51], "camera_position": [246, 214], "world_position": [0.8006333458099197, 0.7165673515715855, -0.17407749841257403], "world_orientation": [9.392690555663612e-08, 0.049958957824496525, 0.9987512716052387, -0.000764899544460856, -0.9987509794312522, 0.049958943281473316, 0.9999997074642962, -0.0007639490851698394, 3.81197744931588e-05], "world_rotation": [0.0, 1.0, 0.0, 0.0]}, {"color": "CVPurple", "id_name": "object33387347623982", "shape": "CVSphere", "id_string": "ob1065", "world_size": [0.09, 0.09, 0.09], "id": 1065, "camera_size": [37, 37], "camera_position": [256, 254], "world_position": [0.705, 0.6448569696296074, -0.15], "world_orientation": [1.0, -4.331917303826236e-17, -1.1712398707441946e-17, 4.331917303826236e-17, 1.0, -5.775889738434995e-17, 1.1712398707441946e-17, 5.775889738434995e-17, 1.0], "world_rotation": [-0.7896765794068324, 0.16013129347666225, -0.5922574345551229, -7.314247236221149e-17]}], "source": "action wait"}
{"timestamp": 1706031138.654774, "objects": [{"color": "cv_", "id_name": "hand", "shape": "CVCylinder", "id_string": "ob382", "world_size": [0.12, 0.005, 0.12], "id": 382, "camera_size": [49, 50], "camera_position": [246, 207], "world_position": [0.8181890531950268, 0.7018492128386272, -0.17408170327403988], "world_orientation": [-6.7524786283269345e-06, 0.03470535930041198, 0.9993975875447336, -0.0007618408981983901, -0.9993972977200546, 0.03470534408846446, 0.9999997097763828, -0.0007611476086584847, 3.318837099616269e-05], "world_rotation": [0.0, 1.0, 0.0, 0.0]}, {"color": "CVPurple", "id_name": "object33387347623982", "shape": "CVSphere", "id_string": "ob1065", "world_size": [0.09, 0.09, 0.09], "id": 1065, "camera_size": [37, 37], "camera_position": [256, 254], "world_position": [0.705, 0.6448569696296074, -0.15], "world_orientation": [1.0, -4.331917303826236e-17, -1.1712398707441946e-17, 4.331917303826236e-17, 1.0, -5.775889738434995e-17, 1.1712398707441946e-17, 5.775889738434995e-17, 1.0], "world_rotation": [-0.7896765794068324, 0.16013129347666225, -0.5922574345551229, -7.314247236221149e-17]}], "source": "action wait"}
{"timestamp": 1706031138.726327, "objects": [{"color": "cv_", "id_name": "hand", "shape": "CVCylinder", "id_string": "ob382", "world_size": [0.12, 0.005, 0.12], "id": 382, "camera_size": [49, 50], "camera_position": [246, 202], "world_position": [0.8388022136777556, 0.6833910272758592, -0.1740894854013673], "world_orientation": [-1.0682502351349204e-05, 0.016370198252032522, 0.9998659992694388, -0.00075977711717041, -0.999865710867356, 0.01637018541279234, 0.9999997113122666, -0.0007595004319378394, 2.3118769843181517e-05], "world_rotation": [0.0, 1.0, 0.0, 0.0]}, {"color": "CVPurple", "id_name": "object33387347623982", "shape": "CVSphere", "id_string": "ob1065", "world_size": [0.09, 0.09, 0.09], "id": 1065, "camera_size": [37, 37], "camera_position": [256, 254], "world_position": [0.705, 0.6448569696296074, -0.15], "world_orientation": [1.0, -4.331917303826236e-17, -1.1712398707441946e-17, 4.331917303826236e-17, 1.0, -5.775889738434995e-17, 1.1712398707441946e-17, 5.775889738434995e-17, 1.0], "world_rotation": [-0.7896765794068324, 0.16013129347666225, -0.5922574345551229, -7.314247236221149e-17]}], "source": "action wait"}
{"timestamp": 1706031138.759801, "objects": [{"color": "cv_", "id_name": "hand", "shape": "CVCylinder", "id_string": "ob382", "world_size": [0.12, 0.005, 0.12], "id": 382, "camera_size": [49, 49], "camera_position": [246, 197], "world_position": [0.8447045588727288, 0.6778730563701072, -0.17409259832599566], "world_orientation": [-1.0526798857595563e-05, 0.011027316104275944, 0.9999391972458741, -0.0007598278049998712, -0.9999389087378436, 0.011027304923572658, 0.9999997112754051, -0.0007596655231561603, 1.8905017153086937e-05], "world_rotation": [0.0, 1.0, 0.0, 0.0]}, {"color": "CVPurple", "id_name": "object33387347623982", "shape": "CVSphere", "id_string": "ob1065", "world_size": [0.09, 0.09, 0.09], "id": 1065, "camera_size": [37, 37], "camera_position": [256, 254], "world_position": [0.705, 0.6448569696296074, -0.15], "world_orientation": [1.0, -4.331917303826236e-17, -1.1712398707441946e-17, 4.331917303826236e-17, 1.0, -5.775889738434995e-17, 1.1712398707441946e-17, 5.775889738434995e-17, 1.0], "world_rotation": [-0.7896765794068324, 0.16013129347666225, -0.5922574345551229, -7.314247236221149e-17]}], "source": "action wait"}
{"timestamp": 1706031138.793447, "objects": [{"color": "cv_", "id_name": "hand", "shape": "CVCylinder", "id_string": "ob382", "world_size": [0.12, 0.005, 0.12], "id": 382, "camera_size": [49, 49], "camera_position": [246, 196], "world_position": [0.8488357009534232, 0.6739535401672143, -0.17409515096245384], "world_orientation": [-9.864073619521756e-06, 0.007261740305028267, 0.9999736331676162, -0.000760170065743496, -0.9999733443490282, 0.00726173070907648, 0.999999711022044, -0.0007600783922208299, 1.5383968291670503e-05], "world_rotation": [0.0, 1.0, 0.0, 0.0]}, {"color": "CVPurple", "id_name": "object33387347623982", "shape": "CVSphere", "id_string": "ob1065", "world_size": [0.09, 0.09, 0.09], "id": 1065, "camera_size": [37, 37], "camera_position": [256, 254], "world_position": [0.705, 0.6448569696296074, -0.15], "world_orientation": [1.0, -4.331917303826236e-17, -1.1712398707441946e-17, 4.331917303826236e-17, 1.0, -5.775889738434995e-17, 1.1712398707441946e-17, 5.775889738434995e-17, 1.0], "world_rotation": [-0.7896765794068324, 0.16013129347666225, -0.5922574345551229, -7.314247236221149e-17]}], "source": "action wait"}
{"timestamp": 1706031138.824429, "objects": [{"color": "cv_", "id_name": "hand", "shape": "CVCylinder", "id_string": "ob382", "world_size": [0.12, 0.005, 0.12], "id": 382, "camera_size": [49, 48], "camera_position": [246, 194], "world_position": [0.8517330746625108, 0.6711792826596508, -0.17409719667329646], "world_orientation": [-9.030884357679411e-06, 0.004607818926015834, 0.9999893839052435, -0.0007606241134335936, -0.9999890947061811, 0.004607810724243898, 0.9999997106846589, -0.0007605744259705097, 1.2535604059061398e-05], "world_rotation": [0.0, 1.0, 0.0, 0.0]}, {"color": "CVPurple", "id_name": "object33387347623982", "shape": "CVSphere", "id_string": "ob1065", "world_size": [0.09, 0.09, 0.09], "id": 1065, "camera_size": [37, 37], "camera_position": [256, 254], "world_position": [0.705, 0.6448569696296074, -0.15], "world_orientation": [1.0, -4.331917303826236e-17, -1.1712398707441946e-17, 4.331917303826236e-17, 1.0, -5.775889738434995e-17, 1.1712398707441946e-17, 5.775889738434995e-17, 1.0], "world_rotation": [-0.7896765794068324, 0.16013129347666225, -0.5922574345551229, -7.314247236221149e-17]}], "source": "action wait"}
{"timestamp": 1706031138.853399, "objects": [{"color": "cv_", "id_name": "hand", "shape": "CVCylinder", "id_string": "ob382", "world_size": [0.12, 0.005, 0.12], "id": 382, "camera_size": [49, 49], "camera_position": [246, 194], "world_position": [0.8537682247171902, 0.6692202127851474, -0.17409880924129123], "world_orientation": [-8.184980182596965e-06, 0.0027373400591323995, 0.9999962534441851, -0.0007610880219219208, -0.9999959638682888, 0.0027373330369484103, 0.9999997103389725, -0.0007610627654468457, 1.0268303878236556e-05], "world_rotation": [0.0, 1.0, 0.0, 0.0]}, {"color": "CVPurple", "id_name": "object33387347623982", "shape": "CVSphere", "id_string": "ob1065", "world_size": [0.09, 0.09, 0.09], "id": 1065, "camera_size": [37, 37], "camera_position": [256, 254], "world_position": [0.705, 0.6448569696296074, -0.15], "world_orientation": [1.0, -4.331917303826236e-17, -1.1712398707441946e-17, 4.331917303826236e-17, 1.0, -5.775889738434995e-17, 1.1712398707441946e-17, 5.775889738434995e-17, 1.0], "world_rotation": [-0.7896765794068324, 0.16013129347666225, -0.5922574345551229, -7.314247236221149e-17]}], "source": "action wait"}
{"timestamp": 1706031138.88647, "objects": [{"color": "cv_", "id_name": "hand", "shape": "CVCylinder", "id_string": "ob382", "world_size": [0.12, 0.005, 0.12], "id": 382, "camera_size": [48, 48], "camera_position": [246, 193], "world_position": [0.8551993254277475, 0.6678388834497178, -0.17410006474474393], "world_orientation": [-7.413694380635073e-06, 0.0014189956713741066, 0.9999989931976542, -0.0007615106538729972, -0.9999987032841584, 0.0014189896143750199, 0.9999997100232386, -0.0007614993672273579, 8.494265089096399e-06], "world_rotation": [0.0, 1.0, 0.0, 0.0]}, {"color": "CVPurple", "id_name": "object33387347623982", "shape": "CVSphere", "id_string": "ob1065", "world_size": [0.09, 0.09, 0.09], "id": 1065, "camera_size": [37, 37], "camera_position": [256, 254], "world_position": [0.705, 0.6448569696296074, -0.15], "world_orientation": [1.0, -4.331917303826236e-17, -1.1712398707441946e-17, 4.331917303826236e-17, 1.0, -5.775889738434995e-17, 1.1712398707441946e-17, 5.775889738434995e-17, 1.0], "world_rotation": [-0.7896765794068324, 0.16013129347666225, -0.5922574345551229, -7.314247236221149e-17]}], "source": "action wait"}
{"timestamp": 1706031138.910976, "objects": [{"color": "cv_", "id_name": "hand", "shape": "CVCylinder", "id_string": "ob382", "world_size": [0.12, 0.005, 0.12], "id": 382, "camera_size": [48, 49], "camera_position": [246, 193], "world_position": [0.8562064779637959, 0.6668658459045504, -0.1741010329453735], "world_orientation": [-6.7491193895556615e-06, 0.0004897781083090056, 0.9999998800359198, -0.0007618713362607386, -0.9999995898372398, 0.0004897728242150882, 0.9999997097532162, -0.0007618679393286814, 7.122264523531651e-06], "world_rotation": [0.0, 1.0, 0.0, 0.0]}, {"color": "CVPurple", "id_name": "object33387347623982", "shape": "CVSphere", "id_string": "ob1065", "world_size": [0.09, 0.09, 0.09], "id": 1065, "camera_size": [37, 37], "camera_position": [256, 254], "world_position": [0.705, 0.6448569696296074, -0.15], "world_orientation": [1.0, -4.331917303826236e-17, -1.1712398707441946e-17, 4.331917303826236e-17, 1.0, -5.775889738434995e-17, 1.1712398707441946e-17, 5.775889738434995e-17, 1.0], "world_rotation": [-0.7896765794068324, 0.16013129347666225, -0.5922574345551229, -7.314247236221149e-17]}], "source": "action wait"}
{"timestamp": 1706031138.953219, "objects": [{"color": "cv_", "id_name": "hand", "shape": "CVCylinder", "id_string": "ob382", "world_size": [0.12, 0.005, 0.12], "id": 382, "camera_size": [48, 49], "camera_position": [246, 193], "world_position": [0.8569156897430207, 0.6661808142200208, -0.1741017739350563], "world_orientation": [-6.19676747124218e-06, -0.0001651874980310686, 0.9999999863373452, -0.0007621664161032401, -0.9999996959069039, -0.00016519217302344706, 0.9999997095319351, -0.0007621674293479072, 6.070865223853033e-06], "world_rotation": [0.0, 1.0, 0.0, 0.0]}, {"color": "CVPurple", "id_name": "object33387347623982", "shape": "CVSphere", "id_string": "ob1065", "world_size": [0.09, 0.09, 0.09], "id": 1065, "camera_size": [37, 37], "camera_position": [256, 254], "world_position": [0.705, 0.6448569696296074, -0.15], "world_orientation": [1.0, -4.331917303826236e-17, -1.1712398707441946e-17, 4.331917303826236e-17, 1.0, -5.775889738434995e-17, 1.1712398707441946e-17, 5.775889738434995e-17, 1.0], "world_rotation": [-0.7896765794068324, 0.16013129347666225, -0.5922574345551229, -7.314247236221149e-17]}], "source": "action wait"}
{"timestamp": 1706031138.989136, "objects": [{"color": "cv_", "id_name": "hand", "shape": "CVCylinder", "id_string": "ob382", "world_size": [0.12, 0.005, 0.12], "id": 382, "camera_size": [48, 48], "camera_position": [246, 192], "world_position": [0.85741531316479, 0.6656986985110804, -0.17410233753094315], "world_orientation": [-5.748957719456568e-06, -0.0006268575201654753, 0.9999998035082802, -0.0007624008071991681, -0.9999995128945774, -0.0006268617210025554, 0.9999997093559371, -0.0007624042611956476, 5.271038240099276e-06], "world_rotation": [0.0, 1.0, 0.0, 0.0]}, {"color": "CVPurple", "id_name": "object33387347623982", "shape": "CVSphere", "id_string": "ob1065", "world_size": [0.09, 0.09, 0.09], "id": 1065, "camera_size": [37, 37], "camera_position": [256, 254], "world_position": [0.705, 0.6448569696296074, -0.15], "world_orientation": [1.0, -4.331917303826236e-17, -1.1712398707441946e-17, 4.331917303826236e-17, 1.0, -5.775889738434995e-17, 1.1712398707441946e-17, 5.775889738434995e-17, 1.0], "world_rotation": [-0.7896765794068324, 0.16013129347666225, -0.5922574345551229, -7.314247236221149e-17]}], "source": "action wait"}
{"timestamp": 1706031139.023358, "objects": [{"color": "cv_", "id_name": "hand", "shape": "CVCylinder", "id_string": "ob382", "world_size": [0.12, 0.005, 0.12], "id": 382, "camera_size": [48, 48], "camera_position": [246, 192], "world_position": [0.8577673966041404, 0.6653594437015087, -0.174102763991442], "world_orientation": [-5.392463541218397e-06, -0.0009522865093079697, 0.9999995465605601, -0.0007625829985589256, -0.999999255804858, -0.0009522903446276659, 0.9999997092190035, -0.0007625877879650718, 4.666262026781973e-06], "world_rotation": [0.0, 1.0, 0.0, 0.0]}, {"color": "CVPurple", "id_name": "object33387347623982", "shape": "CVSphere", "id_string": "ob1065", "world_size": [0.09, 0.09, 0.09], "id": 1065, "camera_size": [37, 37], "camera_position": [256, 254], "world_position": [0.705, 0.6448569696296074, -0.15], "world_orientation": [1.0, -4.331917303826236e-17, -1.1712398707441946e-17, 4.331917303826236e-17, 1.0, -5.775889738434995e-17, 1.1712398707441946e-17, 5.775889738434995e-17, 1.0], "world_rotation": [-0.7896765794068324, 0.16013129347666225, -0.5922574345551229, -7.314247236221149e-17]}], "source": "action wait"}
{"timestamp": 1706031139.056297, "objects": [{"color": "cv_", "id_name": "hand", "shape": "CVCylinder", "id_string": "ob382", "world_size": [0.12, 0.005, 0.12], "id": 382, "camera_size": [48, 48], "camera_position": [246, 192], "world_position": [0.8580155659793505, 0.6651207261712184, -0.1741030852684423], "world_orientation": [-5.112613168059714e-06, -0.0011816854237379347, 0.9999993017964667, -0.0007627222956184438, -0.9999990109324387, -0.0011816889795343605, 0.9999997091142382, -0.000762727804602028, 4.211310292611366e-06], "world_rotation": [0.0, 1.0, 0.0, 0.0]}, {"color": "CVPurple", "id_name": "object33387347623982", "shape": "CVSphere", "id_string": "ob1065", "world_size": [0.09, 0.09, 0.09], "id": 1065, "camera_size": [37, 37], "camera_position": [256, 254], "world_position": [0.705, 0.6448569696296074, -0.15], "world_orientation": [1.0, -4.331917303826236e-17, -1.1712398707441946e-17, 4.331917303826236e-17, 1.0, -5.775889738434995e-17, 1.1712398707441946e-17, 5.775889738434995e-17, 1.0], "world_rotation": [-0.7896765794068324, 0.16013129347666225, -0.5922574345551229, -7.314247236221149e-17]}], "source": "action wait"}
{"timestamp": 1706031141.631583, "objects": [{"color": "cv_", "id_name": "hand", "shape": "CVCylinder", "id_string": "ob382", "world_size": [0.12, 0.005, 0.12], "id": 382, "camera_size": [48, 49], "camera_position": [246, 192], "world_position": [0.8586089702545832, 0.6645533582151572, -0.1741040233057882], "world_orientation": [-4.217213285704773e-06, -0.0017297870318248587, 0.9999985039084008, -0.0007631196833534921, -0.9999982127362941, -0.0017297897464012228, 0.9999997088152397, -0.0007631258365492093, 2.8971712168009948e-06], "world_rotation": [0.0, 1.0, 0.0, 0.0]}, {"color": "CVPurple", "id_name": "object33387347623982", "shape": "CVSphere", "id_string": "ob1065", "world_size": [0.09, 0.09, 0.09], "id": 1065, "camera_size": [37, 37], "camera_position": [256, 254], "world_position": [0.705, 0.6448569696296074, -0.15], "world_orientation": [1.0, -4.331917303826236e-17, -1.1712398707441946e-17, 4.331917303826236e-17, 1.0, -5.775889738434995e-17, 1.1712398707441946e-17, 5.775889738434995e-17, 1.0], "world_rotation": [-0.7896765794068324, 0.16013129347666225, -0.5922574345551229, -7.314247236221149e-17]}], "source": "action wait"}
{"timestamp": 1706031141.666218, "objects": [{"color": "cv_", "id_name": "hand", "shape": "CVCylinder", "id_string": "ob382", "world_size": [0.12, 0.005, 0.12], "id": 382, "camera_size": [48, 48], "camera_position": [246, 205], "world_position": [0.8258664133188457, 0.6516618060994274, -0.1740881564027599], "world_orientation": [-4.611957766598159e-05, -0.02264513369103724, 0.9997435650170996, -0.0007601026178667514, -0.9997432764825366, -0.02264516222006068, 0.9999997100584556, -0.0007609520862830761, 2.889511228563524e-05], "world_rotation": [0.0, 1.0, 0.0, 0.0]}, {"color": "CVPurple", "id_name": "object33387347623982", "shape": "CVSphere", "id_string": "ob1065", "world_size": [0.09, 0.09, 0.09], "id": 1065, "camera_size": [37, 37], "camera_position": [256, 254], "world_position": [0.705, 0.6448569696296074, -0.15], "world_orientation": [1.0, -4.331917303826236e-17, -1.1712398707441946e-17, 4.331917303826236e-17, 1.0, -5.775889738434995e-17, 1.1712398707441946e-17, 5.775889738434995e-17, 1.0], "world_rotation": [-0.7896765794068324, 0.16013129347666225, -0.5922574345551229, -7.314247236221149e-17]}], "source": "action wait"}
{"timestamp": 1706031141.699961, "objects": [{"color": "cv_", "id_name": "hand", "shape": "CVCylinder", "id_string": "ob382", "world_size": [0.12, 0.005, 0.12], "id": 382, "camera_size": [48, 48], "camera_position": [246, 219], "world_position": [0.7916999566839471, 0.6583577855384104, -0.1740975328673384], "world_orientation": [-3.3551468588518314e-05, -0.01648999620608494, 0.9998640302058187, -0.0007581324819087568, -0.9998637430057492, -0.01649001690942968, 0.999999712054678, -0.0007585826630759599, 2.1045295216228524e-05], "world_rotation": [0.0, 1.0, 0.0, 0.0]}, {"color": "CVPurple", "id_name": "object33387347623982", "shape": "CVSphere", "id_string": "ob1065", "world_size": [0.09, 0.09, 0.09], "id": 1065, "camera_size": [37, 38], "camera_position": [256, 263], "world_position": [0.6807678190363563, 0.6461711210630462, -0.15000332999046373], "world_orientation": [0.9994788249256367, -0.03228110378841641, 9.414600414683102e-05, 0.03228110503732623, 0.999478829249972, -1.1776013374829061e-05, -9.371679529327103e-05, 1.4809013058891213e-05, 0.9999999954989277], "world_rotation": [0.00041177202759418933, 0.002909782543486686, 0.99999568179535, 0.032286853040094377]}], "source": "action wait"}
{"timestamp": 1706031141.730953, "objects": [{"color": "cv_", "id_name": "hand", "shape": "CVCylinder", "id_string": "ob382", "world_size": [0.12, 0.005, 0.12], "id": 382, "camera_size": [48, 49], "camera_position": [246, 229], "world_position": [0.767141166702297, 0.6617330485652402, -0.1741036560867256], "world_orientation": [-1.7315804495616865e-05, -0.012081847645924997, 0.9999270116651633, -0.0007619938538711954, -0.9999267213594875, -0.012081857333739376, 0.9999997095327227, -0.0007621474442885334, 8.108241967757023e-06], "world_rotation": [0.0, 1.0, 0.0, 0.0]}, {"color": "CVPurple", "id_name": "object33387347623982", "shape": "CVSphere", "id_string": "ob1065", "world_size": [0.09, 0.09, 0.09], "id": 1065, "camera_size": [37, 39], "camera_position": [256, 282], "world_position": [0.6358183950535253, 0.646698996767556, -0.15000356712832302], "world_orientation": [0.9990349251769332, -0.04392276465988618, 9.498079749222155e-05, 0.04392276545057177, 0.9990349296376295, -6.253857842102844e-06, -9.461444761335242e-05, 1.0419641691911565e-05, 0.9999999954697687], "world_rotation": [0.000189804311942015, 0.0021582748703311335, 0.9999976529091992, 0.04393700322147884]}], "source": "action wait"}
{"timestamp": 1706031141.761564, "objects": [{"color": "cv_", "id_name": "hand", "shape": "CVCylinder", "id_string": "ob382", "world_size": [0.12, 0.005, 0.12], "id": 382, "camera_size": [48, 49], "camera_position": [246, 236], "world_position": [0.7497690983896, 0.6633561688358085, -0.17410673051391046], "world_orientation": [-8.308000269331392e-06, -0.008989466886311769, 0.9999595938917117, -0.0007634496670593005, -0.9999593024532398, -0.008989470609325364, 0.9999997085377491, -0.0007634935035540105, 1.4446566530631549e-06], "world_rotation": [0.0, 1.0, 0.0, 0.0]}, {"color": "CVPurple", "id_name": "object33387347623982", "shape": "CVSphere", "id_string": "ob1065", "world_size": [0.09, 0.09, 0.09], "id": 1065, "camera_size": [37, 39], "camera_position": [256, 298], "world_position": [0.595096451294411, 0.6440380207795041, -0.15000404906687995], "world_orientation": [0.9998495018753919, 0.017348319030299774, 9.708941124825925e-05, -0.017348318722075335, 0.9998495065865609, -4.0159777147226585e-06, -9.714447039396527e-05, 2.331035266735267e-06, 0.999999995278759], "world_rotation": [0.00018292589243542142, 0.005597972817197313, -0.9999843144962103, 0.017349461360138492]}], "source": "action wait"}
{"timestamp": 1706031141.789361, "objects": [{"color": "cv_", "id_name": "hand", "shape": "CVCylinder", "id_string": "ob382", "world_size": [0.12, 0.005, 0.12], "id": 382, "camera_size": [48, 49], "camera_position": [246, 241], "world_position": [0.7375142700971894, 0.6641292832031715, -0.1741080446852706], "world_orientation": [-3.2389488291153723e-06, -0.006819140021789782, 0.9999767493891407, -0.0007638565869792135, -0.9999764576458127, -0.006819140506454495, 0.9999997082562693, -0.0007638609136944786, -1.969972446182344e-06], "world_rotation": [0.0, 1.0, 0.0, 0.0]}, {"color": "CVPurple", "id_name": "object33387347623982", "shape": "CVSphere", "id_string": "ob1065", "world_size": [0.09, 0.09, 0.09], "id": 1065, "camera_size": [37, 39], "camera_position": [256, 310], "world_position": [0.5666874157272135, 0.6448914054182241, -0.15000401531394034], "world_orientation": [0.9999970023150225, -0.0024466119608946143, 9.721564502544068e-05, 0.0024466122566439478, 0.999997007035481, -2.9233907499059467e-06, -9.720820165968925e-05, 3.161230975159352e-06, 0.9999999952702863], "world_rotation": [0.0012424976749764503, 0.039701922055583386, 0.9992107953703363, 0.002448546958095386]}], "source": "action wait"}
{"timestamp": 1706031141.824844, "objects": [{"color": "cv_", "id_name": "hand", "shape": "CVCylinder", "id_string": "ob382", "world_size": [0.12, 0.005, 0.12], "id": 382, "camera_size": [48, 48], "camera_position": [246, 244], "world_position": [0.7288798279003758, 0.6644936579362253, -0.17410837640503984], "world_orientation": [-9.426871324056872e-07, -0.0052951216354830445, 0.9999859807447187, -0.0007638499152013465, -0.9999856890120509, -0.005295120810782646, 0.9999997082661666, -0.0007638441982370023, -3.1020045702621283e-06], "world_rotation": [0.0, 1.0, 0.0, 0.0]}, {"color": "CVPurple", "id_name": "object33387347623982", "shape": "CVSphere", "id_string": "ob1065", "world_size": [0.09, 0.09, 0.09], "id": 1065, "camera_size": [37, 39], "camera_position": [256, 318], "world_position": [0.5451788761592153, 0.6444249558134001, -0.150004106797889], "world_orientation": [0.9999718729441276, 0.0074995886300802915, 9.742172789443772e-05, -0.00749958845979766, 0.9999718776888022, -2.1130907064793835e-06, -9.743483548132508e-05, 1.3824084052078e-06, 0.9999999952522709], "world_rotation": [0.00023302638974862866, 0.01299005378958951, -0.9999155985388193, 0.007500291895111128]}], "source": "action wait"}
{"timestamp": 1706031141.857366, "objects": [{"color": "cv_", "id_name": "hand", "shape": "CVCylinder", "id_string": "ob382", "world_size": [0.12, 0.005, 0.12], "id": 382, "camera_size": [48, 49], "camera_position": [246, 247], "world_position": [0.7227994362839604, 0.6646633057293913, -0.17410819209810435], "world_orientation": [-1.7335160943275796e-07, -0.004224487187364275, 0.9999910768141753, -0.0007637128997839145, -0.9999907851874942, -0.004224486087771785, 0.999999708371246, -0.000763706817353634, -3.0529453475720656e-06], "world_rotation": [0.0, 1.0, 0.0, 0.0]}, {"color": "CVPurple", "id_name": "object33387347623982", "shape": "CVSphere", "id_string": "ob1065", "world_size": [0.09, 0.09, 0.09], "id": 1065, "camera_size": [37, 40], "camera_position": [256, 322], "world_position": [0.53418048502575, 0.6447620219020853, -0.15000411517430334], "world_orientation": [0.9999999741088277, -0.00020564211862005808, 9.743543154758067e-05, 0.0002056422341919688, 0.9999999788549441, -1.1761215018924515e-06, -9.743518762718524e-05, 1.1961583113064914e-06, 0.9999999952524767], "world_rotation": [0.005212417136265418, 0.42817333313286515, 0.903681596305629, 0.00022756043613317636]}], "source": "action wait"}
